   0.0000000000000000       0.89645593735103046     
  1.07096481761073514E-002  0.89687563832922701     
  2.14192963522147027E-002  0.89729540059100787     
  3.21289445283220523E-002  0.89771522398324588     
  4.28385927044294054E-002  0.89813510835254984     
  5.35482408805367585E-002  0.89855505354526499     
  6.42578890566441047E-002  0.89897505940747036     
  7.49675372327514578E-002  0.89939512578498237     
  8.56771854088588108E-002  0.89981525252334904     
  9.63868335849661639E-002  0.90023543946785700     
  0.10709648176107352       0.90065568646352279     
  0.11780612993718087       0.90107599335509914     
  0.12851577811328821       0.90149635998707112     
  0.13922542628939558       0.90191678620365767     
  0.14993507446550292       0.90233727184880963     
  0.16064472264161028       0.90275781676621003     
  0.17135437081771762       0.90317842079927602     
  0.18206401899382496       0.90359908379115428     
  0.19277366716993233       0.90401980558472350     
  0.20348331534603967       0.90444058602259458     
  0.21419296352214703       0.90486142494710731     
  0.22490261169825437       0.90528232220033356     
  0.23561225987436174       0.90570327762407377     
  0.24632190805046908       0.90612429105985892     
  0.25703155622657642       0.90654536234895111     
  0.26774120440268379       0.90696649133233731     
  0.27845085257879115       0.90738767785073782     
  0.28916050075489846       0.90780892174459860     
  0.29987014893100583       0.90823022285409438     
  0.31057979710711320       0.90865158101912746     
  0.32128944528322056       0.90907299607932868     
  0.33199909345932788       0.90949446787405408     
  0.34270874163543524       0.90991599624238706     
  0.35341838981154261       0.91033758102313922     
  0.36412803798764992       0.91075922205484616     
  0.37483768616375729       0.91118091917577027     
  0.38554733433986466       0.91160267222389790     
  0.39625698251597202       0.91202448103694267     
  0.40696663069207933       0.91244634545234049     
  0.41767627886818670       0.91286826530725429     
  0.42838592704429407       0.91329024043856899     
  0.43909557522040138       0.91371227068289429     
  0.44980522339650875       0.91413435587656244     
  0.46051487157261611       0.91455649585562993     
  0.47122451974872348       0.91497869045587421     
  0.48193416792483079       0.91540093951279722     
  0.49264381610093816       0.91582324286162109     
  0.50335346427704553       0.91624560033729108     
  0.51406311245315284       0.91666801177447232     
  0.52477276062926026       0.91709047700755164     
  0.53548240880536757       0.91751299587063817     
  0.54619205698147488       0.91793556819755817     
  0.55690170515758231       0.91835819382185990     
  0.56761135333368962       0.91878087257681118     
  0.57832100150979693       0.91920360429539871     
  0.58903064968590435       0.91962638881032821     
  0.59974029786201166       0.92004922595402450     
  0.61044994603811897       0.92047211555862996     
  0.62115959421422640       0.92089505745600497     
  0.63186924239033371       0.92131805147772805     
  0.64257889056644113       0.92174109745509458     
  0.65328853874254844       0.92216419521911741     
  0.66399818691865575       0.92258734460052438     
  0.67470783509476318       0.92301054542976280     
  0.68541748327087049       0.92343379753699162     
  0.69612713144697780       0.92385710075208771     
  0.70683677962308522       0.92428045490464361     
  0.71754642779919253       0.92470385982396541     
  0.72825607597529984       0.92512731533907533     
  0.73896572415140727       0.92555082127870725     
  0.74967537232751458       0.92597437747131073     
  0.76038502050362200       0.92639798374504967     
  0.77109466867972931       0.92682163992779765     
  0.78180431685583662       0.92724534584714424     
  0.79251396503194405       0.92766910133039004     
  0.80322361320805136       0.92809290620454854     
  0.81393326138415867       0.92851676029634411     
  0.82464290956026609       0.92894066343221260     
  0.83535255773637340       0.92936461543830196     
  0.84606220591248071       0.92978861614046948     
  0.85677185408858814       0.93021266536428304     
  0.86748150226469545       0.93063676293502129     
  0.87819115044080276       0.93106090867767199     
  0.88890079861691018       0.93148510241693350     
  0.89961044679301749       0.93190934397720959     
  0.91032009496912492       0.93233363318261642     
  0.92102974314523223       0.93275796985697723     
  0.93173939132133954       0.93318235382382242     
  0.94244903949744696       0.93360678490639037     
  0.95315868767355427       0.93403126292762673     
  0.96386833584966158       0.93445578771018456     
  0.97457798402576901       0.93488035907642242     
  0.98528763220187632       0.93530497684840519     
  0.99599728037798363       0.93572964084790511     
   1.0067069285540911       0.93615435089639798     
   1.0174165767301984       0.93657910681506484     
   1.0281262249063057       0.93700390842479186     
   1.0388358730824130       0.93742875554617144     
   1.0495455212585205       0.93785364799949711     
   1.0602551694346278       0.93827858560476851     
   1.0709648176107351       0.93870356818168532     
   1.0816744657868425       0.93912859554965378     
   1.0923841139629498       0.93955366752778191     
   1.1030937621390573       0.93997878393487888     
   1.1138034103151646       0.94040394458945564     
   1.1245130584912719       0.94082914930972683     
   1.1352227066673792       0.94125439791360654     
   1.1459323548434865       0.94167969021871001     
   1.1566420030195939       0.94210502604235336     
   1.1673516511957014       0.94253040520155185     
   1.1780612993718087       0.94295582751302398     
   1.1887709475479160       0.94338129279318161     
   1.1994805957240233       0.94380680085814184     
   1.2101902439001306       0.94423235152371654     
   1.2208998920762379       0.94465794460541885     
   1.2316095402523455       0.94508357991845693     
   1.2423191884284528       0.94550925727773782     
   1.2530288366045601       0.94593497649786817     
   1.2637384847806674       0.94636073739314830     
   1.2744481329567747       0.94678653977757732     
   1.2851577811328823       0.94721238346484860     
   1.2958674293089896       0.94763826826835340     
   1.3065770774850969       0.94806419400117814     
   1.3172867256612042       0.94849016047610324     
   1.3279963738373115       0.94891616750560503     
   1.3387060220134188       0.94934221490185267     
   1.3494156701895264       0.94976830247671362     
   1.3601253183656337       0.95019443004174375     
   1.3708349665417410       0.95062059740819638     
   1.3815446147178483       0.95104680438701517     
   1.3922542628939556       0.95147305078883826     
   1.4029639110700631       0.95189933642399527     
   1.4136735592461704       0.95232566110250827     
   1.4243832074222778       0.95275202463408948     
   1.4350928555983851       0.95317842682814502     
   1.4458025037744924       0.95360486749376983     
   1.4565121519505997       0.95403134643974952     
   1.4672218001267072       0.95445786347456152     
   1.4779314483028145       0.95488441840637039     
   1.4886410964789218       0.95531101104303240     
   1.4993507446550292       0.95573764119209215     
   1.5100603928311365       0.95616430866078173     
   1.5207700410072440       0.95659101325602536     
   1.5314796891833513       0.95701775478442963     
   1.5421893373594586       0.95744453305229305     
   1.5528989855355659       0.95787134786560069     
   1.5636086337116732       0.95829819903002456     
   1.5743182818877806       0.95872508635092002     
   1.5850279300638881       0.95915200963333391     
   1.5957375782399954       0.95957896868199488     
   1.6064472264161027       0.96000596330131960     
   1.6171568745922100       0.96043299329540699     
   1.6278665227683173       0.96086005846804345     
   1.6385761709444246       0.96128715862269887     
   1.6492858191205322       0.96171429356252613     
   1.6599954672966395       0.96214146309036364     
   1.6707051154727468       0.96256866700873212     
   1.6814147636488541       0.96299590511983402     
   1.6921244118249614       0.96342317722555559     
   1.7028340600010690       0.96385048312746568     
   1.7135437081771763       0.96427782262681538     
   1.7242533563532836       0.96470519552453493     
   1.7349630045293909       0.96513260162123704     
   1.7456726527054982       0.96556004071721591     
   1.7563823008816055       0.96598751261244509     
   1.7670919490577131       0.96641501710657884     
   1.7778015972338204       0.96684255399894936     
   1.7885112454099277       0.96727012308857074     
   1.7992208935860350       0.96769772417413380     
   1.8099305417621423       0.96812535705400937     
   1.8206401899382498       0.96855302152624578     
   1.8313498381143571       0.96898071738856861     
   1.8420594862904645       0.96940844443838181     
   1.8527691344665718       0.96983620247276614     
   1.8634787826426791       0.97026399128847907     
   1.8741884308187864       0.97069181068195398     
   1.8848980789948939       0.97111966044930076     
   1.8956077271710012       0.97154754038630420     
   1.9063173753471085       0.97197545028842625     
   1.9170270235232159       0.97240338995080167     
   1.9277366716993232       0.97283135916823971     
   1.9384463198754307       0.97325935773522476     
   1.9491559680515380       0.97368738544591471     
   1.9598656162276453       0.97411544209414069     
   1.9705752644037526       0.97454352747340778     
   1.9812849125798599       0.97497164137689218     
   1.9919945607559673       0.97539978359744228     
   2.0027042089320748       0.97582795392758082     
   2.0134138571081821       0.97625615215949957     
   2.0241235052842894       0.97668437808506137     
   2.0348331534603967       0.97711263149580330     
   2.0455428016365040       0.97754091218292827     
   2.0562524498126113       0.97796921993731289     
   2.0669620979887187       0.97839755454950028     
   2.0776717461648260       0.97882591580970701     
   2.0883813943409337       0.97925430350781506     
   2.0990910425170410       0.97968271743337521     
   2.1098006906931484       0.98011115737560928     
   2.1205103388692557       0.98053962312340370     
   2.1312199870453630       0.98096811446531407     
   2.1419296352214703       0.98139663118956300     
   2.1526392833975776       0.98182517308403994     
   2.1633489315736849       0.98225373993630072     
   2.1740585797497922       0.98268233153356532     
   2.1847682279258995       0.98311094766272233     
   2.1954778761020068       0.98353958811032360     
   2.2061875242781146       0.98396825266258592     
   2.2168971724542219       0.98439694110539233     
   2.2276068206303292       0.98482565322428783     
   2.2383164688064365       0.98525438880448146     
   2.2490261169825438       0.98568314763084819     
   2.2597357651586512       0.98611192948792226     
   2.2704454133347585       0.98654073415990318     
   2.2811550615108658       0.98696956143065184     
   2.2918647096869731       0.98739841108369097     
   2.3025743578630804       0.98782728290220501     
   2.3132840060391877       0.98825617666904020     
   2.3239936542152950       0.98868509216670186     
   2.3347033023914028       0.98911402917735713     
   2.3454129505675101       0.98954298748283342     
   2.3561225987436174       0.98997196686461675     
   2.3668322469197247       0.99040096710385206     
   2.3775418950958320       0.99082998798134492     
   2.3882515432719393       0.99125902927755793     
   2.3989611914480466       0.99168809077261322     
   2.4096708396241540       0.99211717224628881     
   2.4203804878002613       0.99254627347802127     
   2.4310901359763686       0.99297539424690573     
   2.4417997841524759       0.99340453433169174     
   2.4525094323285836       0.99383369351078410     
   2.4632190805046910       0.99426287156224680     
   2.4739287286807983       0.99469206826379841     
   2.4846383768569056       0.99512128339281070     
   2.4953480250330129       0.99555051672631156     
   2.5060576732091202       0.99597976804098520     
   2.5167673213852275       0.99640903711316553     
   2.5274769695613348       0.99683832371884429     
   2.5381866177374421       0.99726762763366383     
   2.5488962659135495       0.99769694863292124     
   2.5596059140896568       0.99812628649156421     
   2.5703155622657645       0.99855564098419547     
   2.5810252104418718       0.99898501188506594     
   2.5917348586179791       0.99941439896807871     
   2.6024445067940865       0.99984380200679224     
   2.6131541549701938        1.0002732207744103     
   2.6238638031463011        1.0007026550437887     
   2.6345734513224084        1.0011321045874346     
   2.6452830994985157        1.0015615691775024     
   2.6559927476746230        1.0019910485857966     
   2.6667023958507303        1.0024205425837720     
   2.6774120440268376        1.0028500509425298     
   2.6881216922029454        1.0032795734328186     
   2.6988313403790527        1.0037091098250381     
   2.7095409885551600        1.0041386598892308     
   2.7202506367312673        1.0045682233950897     
   2.7309602849073746        1.0049978001119522     
   2.7416699330834819        1.0054273898088026     
   2.7523795812595893        1.0058569922542722     
   2.7630892294356966        1.0062866072166341     
   2.7737988776118039        1.0067162344638099     
   2.7845085257879112        1.0071458737633652     
   2.7952181739640185        1.0075755248825080     
   2.8059278221401263        1.0080051875880915     
   2.8166374703162336        1.0084348616466130     
   2.8273471184923409        1.0088645468242126     
   2.8380567666684482        1.0092942428866718     
   2.8487664148445555        1.0097239495994146     
   2.8594760630206628        1.0101536667275095     
   2.8701857111967701        1.0105833940356643     
   2.8808953593728774        1.0110131312882276     
   2.8916050075489848        1.0114428782491907     
   2.9023146557250921        1.0118726346821842     
   2.9130243039011994        1.0123024003504790     
   2.9237339520773071        1.0127321750169866     
   2.9344436002534144        1.0131619584442551     
   2.9451532484295218        1.0135917503944747     
   2.9558628966056291        1.0140215506294727     
   2.9665725447817364        1.0144513589107149     
   2.9772821929578437        1.0148811749993043     
   2.9879918411339510        1.0153109986559816     
   2.9987014893100583        1.0157408296411252     
   3.0094111374861656        1.0161706677147511     
   3.0201207856622729        1.0166005126365072     
   3.0308304338383802        1.0170303641656828     
   3.0415400820144880        1.0174602220611997     
   3.0522497301905953        1.0178900860816145     
   3.0629593783667026        1.0183199559851204     
   3.0736690265428099        1.0187498315295433     
   3.0843786747189172        1.0191797124723452     
   3.0950883228950246        1.0196095985706188     
   3.1057979710711319        1.0200394895810938     
   3.1165076192472392        1.0204693852601290     
   3.1272172674233465        1.0208992853637180     
   3.1379269155994538        1.0213291896474852     
   3.1486365637755611        1.0217590978666884     
   3.1593462119516689        1.0221890097762159     
   3.1700558601277762        1.0226189251305866     
   3.1807655083038835        1.0230488436839498     
   3.1914751564799908        1.0234787651900861     
   3.2021848046560981        1.0239086894024050     
   3.2128944528322054        1.0243386160739463     
   3.2236041010083127        1.0247685449573782     
   3.2343137491844201        1.0251984758049977     
   3.2450233973605274        1.0256284083687306     
   3.2557330455366347        1.0260583424001297     
   3.2664426937127420        1.0264882776503765     
   3.2771523418888493        1.0269182138702790     
   3.2878619900649571        1.0273481508102724     
   3.2985716382410644        1.0277780882204179     
   3.3092812864171717        1.0282080258504027     
   3.3199909345932790        1.0286379634495397     
   3.3307005827693863        1.0290679007667682     
   3.3414102309454936        1.0294978375506516     
   3.3521198791216009        1.0299277735493759     
   3.3628295272977082        1.0303577085107554     
   3.3735391754738155        1.0307876421822244     
   3.3842488236499229        1.0312175743108425     
   3.3949584718260302        1.0316475046432914     
   3.4056681200021379        1.0320774329258768     
   3.4163777681782452        1.0325073589045253     
   3.4270874163543525        1.0329372823247851     
   3.4377970645304599        1.0333672029318275     
   3.4485067127065672        1.0337971204704439     
   3.4592163608826745        1.0342270346850466     
   3.4699260090587818        1.0346569453196672     
   3.4806356572348891        1.0350868521179595     
   3.4913453054109964        1.0355167548231952     
   3.5020549535871037        1.0359466531782657     
   3.5127646017632110        1.0363765469256809     
   3.5234742499393188        1.0368064358075701     
   3.5341838981154261        1.0372363195656795     
   3.5448935462915334        1.0376661979413739     
   3.5556031944676407        1.0380960706756344     
   3.5663128426437480        1.0385259375090605     
   3.5770224908198553        1.0389557981818671     
   3.5877321389959627        1.0393856524338858     
   3.5984417871720700        1.0398155000045632     
   3.6091514353481773        1.0402453406329628     
   3.6198610835242846        1.0406751740577618     
   3.6305707317003919        1.0411050000172521     
   3.6412803798764997        1.0415348182493420     
   3.6519900280526070        1.0419646284915500     
   3.6626996762287143        1.0423944304810113     
   3.6734093244048216        1.0428242239544738     
   3.6841189725809289        1.0432540086482955     
   3.6948286207570362        1.0436837842984499     
   3.7055382689331435        1.0441135506405215     
   3.7162479171092508        1.0445433074097059     
   3.7269575652853582        1.0449730543408104     
   3.7376672134614655        1.0454027911682537     
   3.7483768616375728        1.0458325176260639     
   3.7590865098136805        1.0462622334478799     
   3.7697961579897878        1.0466919383669500     
   3.7805058061658952        1.0471216321161323     
   3.7912154543420025        1.0475513144278932     
   3.8019251025181098        1.0479809850343087     
   3.8126347506942171        1.0484106436670619     
   3.8233443988703244        1.0488402900574445     
   3.8340540470464317        1.0492699239363552     
   3.8447636952225390        1.0496995450343003     
   3.8554733433986463        1.0501291530813930     
   3.8661829915747536        1.0505587478073519     
   3.8768926397508614        1.0509883289415025     
   3.8876022879269687        1.0514178962127740     
   3.8983119361030760        1.0518474493497043     
   3.9090215842791833        1.0522769880804330     
   3.9197312324552906        1.0527065121327048     
   3.9304408806313980        1.0531360212338696     
   3.9411505288075053        1.0535655151108798     
   3.9518601769836126        1.0539949934902921     
   3.9625698251597199        1.0544244560982652     
   3.9732794733358272        1.0548539026605608     
   3.9839891215119345        1.0552833329025433     
   3.9946987696880423        1.0557127465491778     
   4.0054084178641496        1.0561421433250315     
   4.0161180660402565        1.0565715229542725     
   4.0268277142163642        1.0570008851606703     
   4.0375373623924711        1.0574302296675933     
   4.0482470105685788        1.0578595561980109     
   4.0589566587446866        1.0582888644744921     
   4.0696663069207935        1.0587181542192037     
   4.0803759550969012        1.0591474251539132     
   4.0910856032730081        1.0595766769999853     
   4.1017952514491158        1.0600059094783831     
   4.1125048996252227        1.0604351223096675     
   4.1232145478013305        1.0608643152139960     
   4.1339241959774373        1.0612934879111247     
   4.1446338441535451        1.0617226401204043     
   4.1553434923296519        1.0621517715607822     
   4.1660531405057597        1.0625808819508025     
   4.1767627886818675        1.0630099710086038     
   4.1874724368579743        1.0634390384519201     
   4.1981820850340821        1.0638680839980803     
   4.2088917332101889        1.0642971073640071     
   4.2196013813862967        1.0647261082662172     
   4.2303110295624036        1.0651550864208212     
   4.2410206777385113        1.0655840415435234     
   4.2517303259146182        1.0660129733496186     
   4.2624399740907259        1.0664418815539967     
   4.2731496222668328        1.0668707658711389     
   4.2838592704429406        1.0672996260151171     
   4.2945689186190483        1.0677284616995957     
   4.3052785667951552        1.0681572726378288     
   4.3159882149712629        1.0685860585426623     
   4.3266978631473698        1.0690148191265316     
   4.3374075113234776        1.0694435541014624     
   4.3481171594995844        1.0698722631790691     
   4.3588268076756922        1.0703009460705561     
   4.3695364558517991        1.0707296024867150     
   4.3802461040279068        1.0711582321379278     
   4.3909557522040137        1.0715868347341637     
   4.4016654003801214        1.0720154099849786     
   4.4123750485562292        1.0724439575995159     
   4.4230846967323361        1.0728724772865068     
   4.4337943449084438        1.0733009687542687     
   4.4445039930845507        1.0737294317107033     
   4.4552136412606584        1.0741578658633015     
   4.4659232894367653        1.0745862709191352     
   4.4766329376128731        1.0750146465848660     
   4.4873425857889799        1.0754429925667364     
   4.4980522339650877        1.0758713085705749     
   4.5087618821411946        1.0762995943017941     
   4.5194715303173023        1.0767278494653885     
   4.5301811784934101        1.0771560737659378     
   4.5408908266695169        1.0775842669076019     
   4.5516004748456247        1.0780124285941275     
   4.5623101230217316        1.0784405585288377     
   4.5730197711978393        1.0788686564146419     
   4.5837294193739462        1.0792967219540279     
   4.5944390675500539        1.0797247548490663     
   4.6051487157261608        1.0801527548014074     
   4.6158583639022686        1.0805807215122818     
   4.6265680120783754        1.0810086546824993     
   4.6372776602544832        1.0814365540124515     
   4.6479873084305900        1.0818644192021056     
   4.6586969566066978        1.0822922499510106     
   4.6694066047828056        1.0827200459582915     
   4.6801162529589124        1.0831478069226539     
   4.6908259011350202        1.0835755325423788     
   4.7015355493111270        1.0840032225153255     
   4.7122451974872348        1.0844308765389301     
   4.7229548456633417        1.0848584943102044     
   4.7336644938394494        1.0852860755257372     
   4.7443741420155563        1.0857136198816939     
   4.7550837901916641        1.0861411270738135     
   4.7657934383677709        1.0865685967974121     
   4.7765030865438787        1.0869960287473788     
   4.7872127347199864        1.0874234226181776     
   4.7979223828960933        1.0878507781038469     
   4.8086320310722011        1.0882780948979982     
   4.8193416792483079        1.0887053726938165     
   4.8300513274244157        1.0891326111840600     
   4.8407609756005225        1.0895598100610597     
   4.8514706237766303        1.0899869690167170     
   4.8621802719527372        1.0904140877425073     
   4.8728899201288449        1.0908411659294761     
   4.8835995683049518        1.0912682032682413     
   4.8943092164810595        1.0916951994489887     
   4.9050188646571673        1.0921221541614783     
   4.9157285128332742        1.0925490670950380     
   4.9264381610093819        1.0929759379385651     
   4.9371478091854888        1.0934027663805266     
   4.9478574573615965        1.0938295521089589     
   4.9585671055377034        1.0942562948114660     
   4.9692767537138112        1.0946829941752212     
   4.9799864018899180        1.0951096498869659     
   4.9906960500660258        1.0955362616330080     
   5.0014056982421327        1.0959628290992220     
   5.0121153464182404        1.0963893519710508     
   5.0228249945943482        1.0968158299335018     
   5.0335346427704550        1.0972422626711513     
   5.0442442909465628        1.0976686498681387     
   5.0549539391226697        1.0980949912081701     
   5.0656635872987774        1.0985212863745155     
   5.0763732354748843        1.0989475350500106     
   5.0870828836509920        1.0993737369170560     
   5.0977925318270989        1.0997998916576130     
   5.1085021800032067        1.1002259989532115     
   5.1192118281793135        1.1006520584849402     
   5.1299214763554213        1.1010780699334526     
   5.1406311245315290        1.1015040329789647     
   5.1513407727076359        1.1019299473012540     
   5.1620504208837437        1.1023558125796609     
   5.1727600690598505        1.1027816284930858     
   5.1834697172359583        1.1032073947199919     
   5.1941793654120652        1.1036331109384021     
   5.2048890135881729        1.1040587768258991     
   5.2155986617642798        1.1044843920596263     
   5.2263083099403875        1.1049099563162887     
   5.2370179581164944        1.1053354692721469     
   5.2477276062926022        1.1057609306030236     
   5.2584372544687099        1.1061863399842986     
   5.2691469026448168        1.1066116970909099     
   5.2798565508209245        1.1070370015973550     
   5.2905661989970314        1.1074622531776870     
   5.3012758471731392        1.1078874515055179     
   5.3119854953492460        1.1083125962540157     
   5.3226951435253538        1.1087376870959047     
   5.3334047917014606        1.1091627237034674     
   5.3441144398775684        1.1095877057485384     
   5.3548240880536753        1.1100126329025117     
   5.3655337362297830        1.1104375048363331     
   5.3762433844058908        1.1108623212205071     
   5.3869530325819976        1.1112870817250895     
   5.3976626807581054        1.1117117860196908     
   5.4083723289342123        1.1121364337734760     
   5.4190819771103200        1.1125610246551632     
   5.4297916252864269        1.1129855583330244     
   5.4405012734625346        1.1134100344748827     
   5.4512109216386415        1.1138344527481150     
   5.4619205698147493        1.1142588128196493     
   5.4726302179908561        1.1146831143559661     
   5.4833398661669639        1.1151073570230976     
   5.4940495143430716        1.1155315404866255     
   5.5047591625191785        1.1159556644116835     
   5.5154688106952863        1.1163797284629553     
   5.5261784588713931        1.1168037323046749     
   5.5368881070475009        1.1172276756006250     
   5.5475977552236078        1.1176515580141393     
   5.5583074033997155        1.1180753792080989     
   5.5690170515758224        1.1184991388449341     
   5.5797266997519301        1.1189228365866237     
   5.5904363479280370        1.1193464720946948     
   5.6011459961041448        1.1197700450302213     
   5.6118556442802525        1.1201935550538251     
   5.6225652924563594        1.1206170018256740     
   5.6332749406324671        1.1210403850054855     
   5.6439845888085740        1.1214637042525195     
   5.6546942369846818        1.1218869592255838     
   5.6654038851607886        1.1223101495830310     
   5.6761135333368964        1.1227332749827605     
   5.6868231815130033        1.1231563350822162     
   5.6975328296891110        1.1235793295383849     
   5.7082424778652179        1.1240022580078000     
   5.7189521260413256        1.1244251201465376     
   5.7296617742174334        1.1248479156102171     
   5.7403714223935403        1.1252706440540035     
   5.7510810705696480        1.1256933051326010     
   5.7617907187457549        1.1261158985002597     
   5.7725003669218626        1.1265384238107707     
   5.7832100150979695        1.1269608807174674     
   5.7939196632740773        1.1273832688732246     
   5.8046293114501841        1.1278055879304572     
   5.8153389596262919        1.1282278375411250     
   5.8260486078023987        1.1286500173567242     
   5.8367582559785065        1.1290721270282937     
   5.8474679041546143        1.1294941662064109     
   5.8581775523307211        1.1299161345411948     
   5.8688872005068289        1.1303380316823017     
   5.8795968486829358        1.1307598572789295     
   5.8903064968590435        1.1311816109798121     
   5.9010161450351504        1.1316032924332224     
   5.9117257932112581        1.1320249012869736     
   5.9224354413873650        1.1324464371884144     
   5.9331450895634728        1.1328678997844317     
   5.9438547377395796        1.1332892887214481     
   5.9545643859156874        1.1337106036454259     
   5.9652740340917951        1.1341318442018609     
   5.9759836822679020        1.1345530100357877     
   5.9866933304440098        1.1349741007917740     
   5.9974029786201166        1.1353951161139253     
   6.0081126267962244        1.1358160556458814     
   6.0188222749723312        1.1362369190308159     
   6.0295319231484390        1.1366577059114391     
   6.0402415713245459        1.1370784159299936     
   6.0509512195006536        1.1374990487282572     
   6.0616608676767605        1.1379196039475414     
   6.0723705158528682        1.1383400812286897     
   6.0830801640289760        1.1387604802120792     
   6.0937898122050829        1.1391808005376203     
   6.1044994603811906        1.1396010418447546     
   6.1152091085572975        1.1400212037724573     
   6.1259187567334052        1.1404412859592328     
   6.1366284049095121        1.1408612880431201     
   6.1473380530856199        1.1412812096616871     
   6.1580477012617267        1.1417010504520324     
   6.1687573494378345        1.1421208100507869     
   6.1794669976139414        1.1425404880941090     
   6.1901766457900491        1.1429600842176897     
   6.2008862939661569        1.1433795980567487     
   6.2115959421422637        1.1437990292460332     
   6.2223055903183715        1.1442183774198216     
   6.2330152384944784        1.1446376422119198     
   6.2437248866705861        1.1450568232556615     
   6.2544345348466930        1.1454759201839111     
   6.2651441830228007        1.1458949326290571     
   6.2758538311989076        1.1463138602230174     
   6.2865634793750154        1.1467327025972371     
   6.2972731275511222        1.1471514593826877     
   6.3079827757272300        1.1475701302098673     
   6.3186924239033377        1.1479887147087995     
   6.3294020720794446        1.1484072125090348     
   6.3401117202555524        1.1488256232396488     
   6.3508213684316592        1.1492439465292432     
   6.3615310166077670        1.1496621820059432     
   6.3722406647838739        1.1500803292974000     
   6.3829503129599816        1.1504983880307891     
   6.3936599611360885        1.1509163578328083     
   6.4043696093121962        1.1513342383296823     
   6.4150792574883031        1.1517520291471566     
   6.4257889056644109        1.1521697299105018     
   6.4364985538405177        1.1525873402445102     
   6.4472082020166255        1.1530048597734974     
   6.4579178501927332        1.1534222881213010     
   6.4686274983688401        1.1538396249112808     
   6.4793371465449479        1.1542568697663185     
   6.4900467947210547        1.1546740223088163     
   6.5007564428971625        1.1550910821606997     
   6.5114660910732693        1.1555080489434135     
   6.5221757392493771        1.1559249222779227     
   6.5328853874254840        1.1563417017847133     
   6.5435950356015917        1.1567583870837910     
   6.5543046837776986        1.1571749777946831     
   6.5650143319538063        1.1575914735364341     
   6.5757239801299141        1.1580078739276074     
   6.5864336283060210        1.1584241785862874     
   6.5971432764821287        1.1588403871300759     
   6.6078529246582356        1.1592564991760925     
   6.6185625728343433        1.1596725143409756     
   6.6292722210104502        1.1600884322408818     
   6.6399818691865580        1.1605042524914837     
   6.6506915173626648        1.1609199747079724     
   6.6614011655387726        1.1613355985050546     
   6.6721108137148795        1.1617511234969558     
   6.6828204618909872        1.1621665492974163     
   6.6935301100670950        1.1625818755196911     
   6.7042397582432018        1.1629971017765541     
   6.7149494064193096        1.1634122276802936     
   6.7256590545954165        1.1638272528427123     
   6.7363687027715242        1.1642421768751277     
   6.7470783509476311        1.1646569993883726     
   6.7577879991237388        1.1650717199927956     
   6.7684976472998457        1.1654863382982577     
   6.7792072954759535        1.1659008539141333     
   6.7899169436520603        1.1663152664493117     
   6.8006265918281681        1.1667295755121962     
   6.8113362400042758        1.1671437807107017     
   6.8220458881803827        1.1675578816522560     
   6.8327555363564905        1.1679718779437991     
   6.8434651845325973        1.1683857691917860     
   6.8541748327087051        1.1687995550021799     
   6.8648844808848120        1.1692132349804589     
   6.8755941290609197        1.1696268087316102     
   6.8863037772370266        1.1700402758601345     
   6.8970134254131343        1.1704536359700410     
   6.9077230735892412        1.1708668886648512     
   6.9184327217653490        1.1712800335475968     
   6.9291423699414567        1.1716930702208190     
   6.9398520181175636        1.1721059982865707     
   6.9505616662936713        1.1725188173464118     
   6.9612713144697782        1.1729315270014133     
   6.9719809626458860        1.1733441268521558     
   6.9826906108219928        1.1737566164987281     
   6.9934002589981006        1.1741689955407260     
   7.0041099071742074        1.1745812635772563     
   7.0148195553503152        1.1749934202069330     
   7.0255292035264221        1.1754054650278776     
   7.0362388517025298        1.1758173976377186     
   7.0469484998786376        1.1762292176335944     
   7.0576581480547445        1.1766409246121474     
   7.0683677962308522        1.1770525181695293     
   7.0790774444069591        1.1774639979013966     
   7.0897870925830668        1.1778753634029127     
   7.1004967407591737        1.1782866142687483     
   7.1112063889352815        1.1786977500930786     
   7.1219160371113883        1.1791087704695851     
   7.1326256852874961        1.1795196749914545     
   7.1433353334636029        1.1799304632513785     
   7.1540449816397107        1.1803411348415536     
   7.1647546298158185        1.1807516893536820     
   7.1754642779919253        1.1811621263789693     
   7.1861739261680331        1.1815724455081247     
   7.1968835743441399        1.1819826463313634     
   7.2075932225202477        1.1823927284384026     
   7.2183028706963546        1.1828026914184619     
   7.2290125188724623        1.1832125348602680     
   7.2397221670485692        1.1836222583520479     
   7.2504318152246769        1.1840318614815308     
   7.2611414634007838        1.1844413438359502     
   7.2718511115768916        1.1848507050020407     
   7.2825607597529993        1.1852599445660392     
   7.2932704079291062        1.1856690621136852     
   7.3039800561052139        1.1860780572302188     
   7.3146897042813208        1.1864869295003817     
   7.3253993524574286        1.1868956785084184     
   7.3361090006335354        1.1873043038380702     
   7.3468186488096432        1.1877128050725836     
   7.3575282969857501        1.1881211817947031     
   7.3682379451618578        1.1885294335866754     
   7.3789475933379647        1.1889375600302441     
   7.3896572415140724        1.1893455607066561     
   7.4003668896901802        1.1897534351966548     
   7.4110765378662871        1.1901611830804868     
   7.4217861860423948        1.1905688039378919     
   7.4324958342185017        1.1909762973481153     
   7.4432054823946094        1.1913836628898968     
   7.4539151305707163        1.1917909001414757     
   7.4646247787468241        1.1921980086805912     
   7.4753344269229309        1.1926049880844776     
   7.4860440750990387        1.1930118379298691     
   7.4967537232751456        1.1934185577929974     
   7.5074633714512533        1.1938251472495922     
   7.5181730196273611        1.1942316058748772     
   7.5288826678034679        1.1946379332435773     
   7.5395923159795757        1.1950441289299114     
   7.5503019641556826        1.1954501925075971     
   7.5610116123317903        1.1958561235498457     
   7.5717212605078972        1.1962619216293677     
   7.5824309086840049        1.1966675863183671     
   7.5931405568601118        1.1970731171885463     
   7.6038502050362196        1.1974785138110997     
   7.6145598532123264        1.1978837757567202     
   7.6252695013884342        1.1982889025955945     
   7.6359791495645419        1.1986938938974050     
   7.6466887977406488        1.1990987492313283     
   7.6573984459167566        1.1995034681660359     
   7.6681080940928634        1.1999080502696919     
   7.6788177422689712        1.2003124951099589     
   7.6895273904450780        1.2007168022539891     
   7.7002370386211858        1.2011209712684314     
   7.7109466867972927        1.2015250017194259     
   7.7216563349734004        1.2019288931726078     
   7.7323659831495073        1.2023326451931062     
   7.7430756313256150        1.2027362573455411     
   7.7537852795017228        1.2031397291940278     
   7.7644949276778297        1.2035430603021704     
   7.7752045758539374        1.2039462502330716     
   7.7859142240300443        1.2043492985493205     
   7.7966238722061521        1.2047522048130019     
   7.8073335203822589        1.2051549685856908     
   7.8180431685583667        1.2055575894284549     
   7.8287528167344735        1.2059600669018533     
   7.8394624649105813        1.2063624005659357     
   7.8501721130866882        1.2067645899802446     
   7.8608817612627959        1.2071666347038128     
   7.8715914094389037        1.2075685342951628     
   7.8823010576150105        1.2079702883123098     
   7.8930107057911183        1.2083718963127594     
   7.9037203539672252        1.2087733578535058     
   7.9144300021433329        1.2091746724910342     
   7.9251396503194398        1.2095758397813214     
   7.9358492984955475        1.2099768592798315     
   7.9465589466716544        1.2103777305415209     
   7.9572685948477622        1.2107784531208328     
   7.9679782430238690        1.2111790265717020     
   7.9786878911999768        1.2115794504475521     
   7.9893975393760845        1.2119797243012949     
   8.0001071875521923        1.2123798476853309     
   8.0108168357282992        1.2127798201515518     
   8.0215264839044060        1.2131796412513336     
   8.0322361320805129        1.2135793105355452     
   8.0429457802566215        1.2139788275545409     
   8.0536554284327284        1.2143781918581655     
   8.0643650766088353        1.2147774029957481     
   8.0750747247849421        1.2151764605161079     
   8.0857843729610508        1.2155753639675533     
   8.0964940211371577        1.2159741128978765     
   8.1072036693132645        1.2163727068543608     
   8.1179133174893732        1.2167711453837731     
   8.1286229656654800        1.2171694280323706     
   8.1393326138415869        1.2175675543458955     
   8.1500422620176938        1.2179655238695775     
   8.1607519101938024        1.2183633361481323     
   8.1714615583699093        1.2187609907257635     
   8.1821712065460162        1.2191584871461589     
   8.1928808547221230        1.2195558249524949     
   8.2035905028982317        1.2199530036874309     
   8.2143001510743385        1.2203500228931157     
   8.2250097992504454        1.2207468821111818     
   8.2357194474265540        1.2211435808827487     
   8.2464290956026609        1.2215401187484194     
   8.2571387437787678        1.2219364952482827     
   8.2678483919548746        1.2223327099219155     
   8.2785580401309833        1.2227287623083778     
   8.2892676883070902        1.2231246519462131     
   8.2999773364831970        1.2235203783734527     
   8.3106869846593039        1.2239159411276113     
   8.3213966328354125        1.2243113397456873     
   8.3321062810115194        1.2247065737641654     
   8.3428159291876263        1.2251016427190142     
   8.3535255773637349        1.2254965461456857     
   8.3642352255398418        1.2258912835791171     
   8.3749448737159486        1.2262858545537287     
   8.3856545218920555        1.2266802586034260     
   8.3963641700681642        1.2270744952615982     
   8.4070738182442710        1.2274685640611167     
   8.4177834664203779        1.2278624645343372     
   8.4284931145964848        1.2282561962131002     
   8.4392027627725934        1.2286497586287284     
   8.4499124109487003        1.2290431513120275     
   8.4606220591248071        1.2294363737932872     
   8.4713317073009158        1.2298294256022793     
   8.4820413554770226        1.2302223062682600     
   8.4927510036531295        1.2306150153199669     
   8.5034606518292364        1.2310075522856210     
   8.5141703000053450        1.2313999166929266     
   8.5248799481814519        1.2317921080690690     
   8.5355895963575588        1.2321841259407187     
   8.5462992445336656        1.2325759698340251     
   8.5570088927097743        1.2329676392746227     
   8.5677185408858811        1.2333591337876264     
   8.5784281890619880        1.2337504528976337     
   8.5891378372380967        1.2341415961287259     
   8.5998474854142035        1.2345325630044626     
   8.6105571335903104        1.2349233530478894     
   8.6212667817664173        1.2353139657815304     
   8.6319764299425259        1.2357044007273927     
   8.6426860781186328        1.2360946574069653     
   8.6533957262947396        1.2364847353412181     
   8.6641053744708465        1.2368746340506021     
   8.6748150226469551        1.2372643530550507     
   8.6855246708230620        1.2376538918739786     
   8.6962343189991689        1.2380432500262810     
   8.7069439671752775        1.2384324270303342     
   8.7176536153513844        1.2388214224039966     
   8.7283632635274913        1.2392102356646044     
   8.7390729117035981        1.2395988663289803     
   8.7497825598797068        1.2399873139134239     
   8.7604922080558136        1.2403755779337153     
   8.7712018562319205        1.2407636579051171     
   8.7819115044080274        1.2411515533423727     
   8.7926211525841360        1.2415392637597047     
   8.8033308007602429        1.2419267886708163     
   8.8140404489363497        1.2423141275888927     
   8.8247500971124584        1.2427012800265995     
   8.8354597452885653        1.2430882454960808     
   8.8461693934646721        1.2434750235089618     
   8.8568790416407790        1.2438616135763496     
   8.8675886898168876        1.2442480152088289     
   8.8782983379929945        1.2446342279164662     
   8.8890079861691014        1.2450202512088095     
   8.8997176343452082        1.2454060845948824     
   8.9104272825213169        1.2457917275831942     
   8.9211369306974238        1.2461771796817300     
   8.9318465788735306        1.2465624403979569     
   8.9425562270496393        1.2469475092388205     
   8.9532658752257461        1.2473323857107479     
   8.9639755234018530        1.2477170693196449     
   8.9746851715779599        1.2481015595708977     
   8.9853948197540685        1.2484858559693719     
   8.9961044679301754        1.2488699580194136     
   9.0068141161062822        1.2492538652248486     
   9.0175237642823891        1.2496375770889800     
   9.0282334124584978        1.2500210931145939     
   9.0389430606346046        1.2504044128039535     
   9.0496527088107115        1.2507875356588043     
   9.0603623569868201        1.2511704611803693     
   9.0710720051629270        1.2515531888693516     
   9.0817816533390339        1.2519357182259334     
   9.0924913015151407        1.2523180487497774     
   9.1032009496912494        1.2527001799400259     
   9.1139105978673562        1.2530821112952999     
   9.1246202460434631        1.2534638423137008     
   9.1353298942195700        1.2538453724928071     
   9.1460395423956786        1.2542267013296815     
   9.1567491905717855        1.2546078283208613     
   9.1674588387478924        1.2549887529623656     
   9.1781684869239992        1.2553694747496944     
   9.1888781351001079        1.2557499931778244     
   9.1995877832762147        1.2561303077412123     
   9.2102974314523216        1.2565104179337958     
   9.2210070796284302        1.2568903232489923     
   9.2317167278045371        1.2572700231796956     
   9.2424263759806440        1.2576495172182820     
   9.2531360241567508        1.2580288048566064     
   9.2638456723328595        1.2584078855860028     
   9.2745553205089664        1.2587867588972854     
   9.2852649686850732        1.2591654242807488     
   9.2959746168611801        1.2595438812261646     
   9.3066842650372887        1.2599221292227860     
   9.3173939132133956        1.2603001677593446     
   9.3281035613895025        1.2606779963240542     
   9.3388132095656111        1.2610556144046046     
   9.3495228577417180        1.2614330214881682     
   9.3602325059178249        1.2618102170613947     
   9.3709421540939317        1.2621872006104160     
   9.3816518022700404        1.2625639716208428     
   9.3923614504461472        1.2629405295777634     
   9.4030710986222541        1.2633168739657505     
   9.4137807467983610        1.2636930042688519     
   9.4244903949744696        1.2640689199705999     
   9.4352000431505765        1.2644446205540028     
   9.4459096913266833        1.2648201055015498     
   9.4566193395027920        1.2651953742952124     
   9.4673289876788989        1.2655704264164396     
   9.4780386358550057        1.2659452613461621     
   9.4887482840311126        1.2663198785647904     
   9.4994579322072212        1.2666942775522139     
   9.5101675803833281        1.2670684577878049     
   9.5208772285594350        1.2674424187504134     
   9.5315868767355418        1.2678161599183717     
   9.5422965249116505        1.2681896807694917     
   9.5530061730877573        1.2685629807810648     
   9.5637158212638642        1.2689360594298658     
   9.5744254694399729        1.2693089161921474     
   9.5851351176160797        1.2696815505436450     
   9.5958447657921866        1.2700539619595725     
   9.6065544139682935        1.2704261499146268     
   9.6172640621444021        1.2707981138829854     
   9.6279737103205090        1.2711698533383056     
   9.6386833584966158        1.2715413677537271     
   9.6493930066727227        1.2719126566018693     
   9.6601026548488313        1.2722837193548344     
   9.6708123030249382        1.2726545554842055     
   9.6815219512010451        1.2730251644610457     
   9.6922315993771537        1.2733955457559003     
   9.7029412475532606        1.2737656988387986     
   9.7136508957293675        1.2741356231792471     
   9.7243605439054743        1.2745053182462385     
   9.7350701920815830        1.2748747835082452     
   9.7457798402576898        1.2752440184332197     
   9.7564894884337967        1.2756130224886002     
   9.7671991366099036        1.2759817951413048     
   9.7779087847860122        1.2763503358577348     
   9.7886184329621191        1.2767186441037723     
   9.7993280811382260        1.2770867193447843     
   9.8100377293143346        1.2774545610456187     
   9.8207473774904415        1.2778221686706055     
   9.8314570256665483        1.2781895416835594     
   9.8421666738426552        1.2785566795477774     
   9.8528763220187638        1.2789235817260380     
   9.8635859701948707        1.2792902476806043     
   9.8742956183709776        1.2796566768732225     
   9.8850052665470844        1.2800228687651232     
   9.8957149147231931        1.2803888228170173     
   9.9064245628993000        1.2807545384891028     
   9.9171342110754068        1.2811200152410598     
   9.9278438592515155        1.2814852525320517     
   9.9385535074276223        1.2818502498207278     
   9.9492631556037292        1.2822150065652189     
   9.9599728037798361        1.2825795222231444     
   9.9706824519559447        1.2829437962516046     
   9.9813921001320516        1.2833078281071841     
   9.9921017483081584        1.2836716172459548     
   10.002811396484265        1.2840351631234717     
   10.013521044660374        1.2843984651947740     
   10.024230692836481        1.2847615229143898     
   10.034940341012588        1.2851243357363289     
   10.045649989188696        1.2854869031140874     
   10.056359637364803        1.2858492245006476     
   10.067069285540910        1.2862112993484776     
   10.077778933717017        1.2865731271095311     
   10.088488581893126        1.2869347072352499     
   10.099198230069232        1.2872960391765584     
   10.109907878245339        1.2876571223838704     
   10.120617526421446        1.2880179563070850     
   10.131327174597555        1.2883785403955896     
   10.142036822773662        1.2887388740982562     
   10.152746470949769        1.2890989568634466     
   10.163456119125877        1.2894587881390078     
   10.174165767301984        1.2898183673722765     
   10.184875415478091        1.2901776940100751     
   10.195585063654198        1.2905367674987154     
   10.206294711830306        1.2908955872839956     
   10.217004360006413        1.2912541528112043     
   10.227714008182520        1.2916124635251176     
   10.238423656358627        1.2919705188700001     
   10.249133304534736        1.2923283182896050     
   10.259842952710843        1.2926858612271768     
   10.270552600886949        1.2930431471254467     
   10.281262249063058        1.2934001754266362     
   10.291971897239165        1.2937569455724569     
   10.302681545415272        1.2941134570041100     
   10.313391193591379        1.2944697091622888     
   10.324100841767487        1.2948257014871738     
   10.334810489943594        1.2951814334184362     
   10.345520138119701        1.2955369043952418     
   10.356229786295808        1.2958921138562445     
   10.366939434471917        1.2962470612395898     
   10.377649082648023        1.2966017459829149     
   10.388358730824130        1.2969561675233494     
   10.399068379000239        1.2973103252975127     
   10.409778027176346        1.2976642187415202     
   10.420487675352453        1.2980178472909765     
   10.431197323528560        1.2983712103809797     
   10.441906971704668        1.2987243074461223     
   10.452616619880775        1.2990771379204868     
   10.463326268056882        1.2994297012376537     
   10.474035916232989        1.2997819968306941     
   10.484745564409097        1.3001340241321726     
   10.495455212585204        1.3004857825741498     
   10.506164860761311        1.3008372715881809     
   10.516874508937420        1.3011884906053133     
   10.527584157113527        1.3015394390560933     
   10.538293805289634        1.3018901163705590     
   10.549003453465740        1.3022405219782458     
   10.559713101641849        1.3025906553081847     
   10.570422749817956        1.3029405157889027     
   10.581132397994063        1.3032901028484236     
   10.591842046170170        1.3036394159142666     
   10.602551694346278        1.3039884544134501     
   10.613261342522385        1.3043372177724877     
   10.623970990698492        1.3046857054173917     
   10.634680638874601        1.3050339167736713     
   10.645390287050708        1.3053818512663355     
   10.656099935226814        1.3057295083198894     
   10.666809583402921        1.3060768873583397     
   10.677519231579030        1.3064239878051884     
   10.688228879755137        1.3067708090834420     
   10.698938527931244        1.3071173506156015     
