   0.0000000000000000       0.75782963189919217     
  1.16592872928740696E-002  0.75823745870479231     
  2.33185745857481391E-002  0.75864537367771667     
  3.49778618786222087E-002  0.75905337667047512     
  4.66371491714962783E-002  0.75946146753527211     
  5.82964364643703478E-002  0.75986964612400876     
  6.99557237572444174E-002  0.76027791228827879     
  8.16150110501184800E-002  0.76068626587937160     
  9.32742983429925565E-002  0.76109470674826962     
  0.10493358563586663       0.76150323474564818     
  0.11659287292874070       0.76191184972187642     
  0.12825216022161476       0.76232055152701383     
  0.13991144751448883       0.76272934001081460     
  0.15157073480736291       0.76313821502272172     
  0.16323002210023696       0.76354717641187153     
  0.17488930939311104       0.76395622402708907     
  0.18654859668598511       0.76436535771689096     
  0.19820788397885919       0.76477457732948251     
  0.20986717127173327       0.76518388271275928     
  0.22152645856460731       0.76559327371430386     
  0.23318574585748139       0.76600275018139063     
  0.24484503315035547       0.76641231196097859     
  0.25650432044322952       0.76682195889971494     
  0.26816360773610359       0.76723169084393550     
  0.27982289502897767       0.76764150763966121     
  0.29148218232185175       0.76805140913260006     
  0.30314146961472582       0.76846139516814549     
  0.31480075690759990       0.76887146559137542     
  0.32646004420047392       0.76928162024705404     
  0.33811933149334800       0.76969185897962911     
  0.34977861878622207       0.77010218163323241     
  0.36143790607909615       0.77051258805167955     
  0.37309719337197023       0.77092307807846860     
  0.38475648066484430       0.77133365155678080     
  0.39641576795771838       0.77174430832947938     
  0.40807505525059246       0.77215504823910885     
  0.41973434254346653       0.77256587112789599     
  0.43139362983634055       0.77297677683774768     
  0.44305291712921463       0.77338776521025121     
  0.45471220442208871       0.77379883608667288     
  0.46637149171496278       0.77420998930796137     
  0.47803077900783686       0.77462122471474082     
  0.48969006630071094       0.77503254214731609     
  0.50134935359358501       0.77544394144566930     
  0.51300864088645903       0.77585542244946082     
  0.52466792817933317       0.77626698499802782     
  0.53632721547220719       0.77667862893038375     
  0.54798650276508132       0.77709035408521976     
  0.55964579005795534       0.77750216030090102     
  0.57130507735082936       0.77791404741546955     
  0.58296436464370349       0.77832601526664125     
  0.59462365193657751       0.77873806369180698     
  0.60628293922945165       0.77915019252803197     
  0.61794222652232567       0.77956240161205403     
  0.62960151381519980       0.77997469078028503     
  0.64126080110807382       0.78038705986880930     
  0.65292008840094784       0.78079950871338222     
  0.66457937569382197       0.78121203714943233     
  0.67623866298669599       0.78162464501205819     
  0.68789795027957013       0.78203733213603033     
  0.69955723757244415       0.78245009835578883     
  0.71121652486531828       0.78286294350544383     
  0.72287581215819230       0.78327586741877486     
  0.73453509945106643       0.78368886992923048     
  0.74619438674394045       0.78410195086992740     
  0.75785367403681447       0.78451511007365038     
  0.76951296132968861       0.78492834737285200     
  0.78117224862256263       0.78534166259965277     
  0.79283153591543676       0.78575505558583714     
  0.80449082320831078       0.78616852616285882     
  0.81615011050118491       0.78658207416183490     
  0.82780939779405893       0.78699569941354941     
  0.83946868508693306       0.78740940174844920     
  0.85112797237980709       0.78782318099664816     
  0.86278725967268111       0.78823703698792080     
  0.87444654696555524       0.78865096955170655     
  0.88610583425842926       0.78906497851710844     
  0.89776512155130339       0.78947906371289123     
  0.90942440884417741       0.78989322496748005     
  0.92108369613705154       0.79030746210896419     
  0.93274298342992557       0.79072177496509266     
  0.94440227072279959       0.79113616336327475     
  0.95606155801567372       0.79155062713058000     
  0.96772084530854774       0.79196516609373735     
  0.97938013260142187       0.79237978007913545     
  0.99103941989429589       0.79279446891282090     
   1.0026987071871700       0.79320923242049890     
   1.0143579944800440       0.79362407042753225     
   1.0260172817729181       0.79403898275894080     
   1.0376765690657921       0.79445396923940081     
   1.0493358563586663       0.79486902969324502     
   1.0609951436515404       0.79528416394446344     
   1.0726544309444144       0.79569937181669870     
   1.0843137182372884       0.79611465313324969     
   1.0959730055301626       0.79653000771707050     
   1.1076322928230367       0.79694543539076657     
   1.1192915801159107       0.79736093597659985     
   1.1309508674087847       0.79777650929648247     
   1.1426101547016587       0.79819215517198139     
   1.1542694419945330       0.79860787342431239     
   1.1659287292874070       0.79902366387434653     
   1.1775880165802810       0.79943952634260229     
   1.1892473038731550       0.79985546064925150     
   1.2009065911660293       0.80027146661411463     
   1.2125658784589033       0.80068754405666009     
   1.2242251657517773       0.80110369279600946     
   1.2358844530446513       0.80151991265092870     
   1.2475437403375254       0.80193620343983518     
   1.2592030276303996       0.80235256498079188     
   1.2708623149232736       0.80276899709150884     
   1.2825216022161476       0.80318549958934304     
   1.2941808895090217       0.80360207229129887     
   1.3058401768018957       0.80401871501402478     
   1.3174994640947699       0.80443542757381503     
   1.3291587513876439       0.80485220978660788     
   1.3408180386805180       0.80526906146798771     
   1.3524773259733920       0.80568598243318057     
   1.3641366132662662       0.80610297249705620     
   1.3757959005591403       0.80652003147412810     
   1.3874551878520143       0.80693715917855013     
   1.3991144751448883       0.80735435542411960     
   1.4107737624377623       0.80777162002427472     
   1.4224330497306366       0.80818895279209446     
   1.4340923370235106       0.80860635354029631     
   1.4457516243163846       0.80902382208124046     
   1.4574109116092586       0.80944135822692520     
   1.4690701989021329       0.80985896178898620     
   1.4807294861950069       0.81027663257870008     
   1.4923887734878809       0.81069437040697923     
   1.5040480607807549       0.81111217508437372     
   1.5157073480736289       0.81153004642107052     
   1.5273666353665032       0.81194798422689429     
   1.5390259226593772       0.81236598831130269     
   1.5506852099522512       0.81278405848339130     
   1.5623444972451253       0.81320219455188980     
   1.5740037845379995       0.81362039632516225     
   1.5856630718308735       0.81403866361120525     
   1.5973223591237475       0.81445699621765144     
   1.6089816464166216       0.81487539395176289     
   1.6206409337094956       0.81529385662043707     
   1.6323002210023698       0.81571238403020141     
   1.6439595082952438       0.81613097598721585     
   1.6556187955881179       0.81654963229727007     
   1.6672780828809919       0.81696835276578528     
   1.6789373701738661       0.81738713719781175     
   1.6905966574667401       0.81780598539802973     
   1.7022559447596142       0.81822489717074687     
   1.7139152320524882       0.81864387231990132     
   1.7255745193453622       0.81906291064905679     
   1.7372338066382365       0.81948201196140635     
   1.7488930939311105       0.81990117605976898     
   1.7605523812239845       0.82032040274658902     
   1.7722116685168585       0.82073969182393913     
   1.7838709558097325       0.82115904309351528     
   1.7955302431026068       0.82157845635663829     
   1.8071895303954808       0.82199793141425403     
   1.8188488176883548       0.82241746806693217     
   1.8305081049812288       0.82283706611486518     
   1.8421673922741031       0.82325672535786865     
   1.8538266795669771       0.82367644559537978     
   1.8654859668598511       0.82409622662645887     
   1.8771452541527252       0.82451606824978663     
   1.8888045414455992       0.82493597026366394     
   1.9004638287384734       0.82535593246601335     
   1.9121231160313474       0.82577595465437581     
   1.9237824033242215       0.82619603662591246     
   1.9354416906170955       0.82661617817740241     
   1.9471009779099697       0.82703637910524397     
   1.9587602652028437       0.82745663920545109     
   1.9704195524957178       0.82787695827365815     
   1.9820788397885918       0.82829733610511302     
   1.9937381270814658       0.82871777249468082     
   2.0053974143743400       0.82913826723684325     
   2.0170567016672138       0.82955882012569593     
   2.0287159889600881       0.82997943095494986     
   2.0403752762529623       0.83040009951792926     
   2.0520345635458361       0.83082082560757342     
   2.0636938508387104       0.83124160901643207     
   2.0753531381315842       0.83166244953667123     
   2.0870124254244584       0.83208334696006558     
   2.0986717127173327       0.83250430107800222     
   2.1103310000102065       0.83292531168148121     
   2.1219902873030807       0.83334637856110994     
   2.1336495745959549       0.83376750150710777     
   2.1453088618888287       0.83418868030930315     
   2.1569681491817030       0.83460991475713331     
   2.1686274364745768       0.83503120463964342     
   2.1802867237674510       0.83545254974548844     
   2.1919460110603253       0.83587394986292751     
   2.2036052983531991       0.83629540477982955     
   2.2152645856460733       0.83671691428366801     
   2.2269238729389471       0.83713847816152254     
   2.2385831602318214       0.83756009620007899     
   2.2502424475246956       0.83798176818562586     
   2.2619017348175694       0.83840349390405899     
   2.2735610221104436       0.83882527314087485     
   2.2852203094033174       0.83924710568117500     
   2.2968795966961917       0.83966899130966255     
   2.3085388839890659       0.84009092981064359     
   2.3201981712819397       0.84051292096802588     
   2.3318574585748140       0.84093496456531625     
   2.3435167458676878       0.84135706038562530     
   2.3551760331605620       0.84177920821166163     
   2.3668353204534363       0.84220140782573294     
   2.3784946077463101       0.84262365900974767     
   2.3901538950391843       0.84304596154521216     
   2.4018131823320585       0.84346831521322807     
   2.4134724696249323       0.84389071979449903     
   2.4251317569178066       0.84431317506932146     
   2.4367910442106804       0.84473568081759098     
   2.4484503315035546       0.84515823681879643     
   2.4601096187964289       0.84558084285202406     
   2.4717689060893027       0.84600349869595437     
   2.4834281933821769       0.84642620412886116     
   2.4950874806750507       0.84684895892861367     
   2.5067467679679249       0.84727176287267159     
   2.5184060552607992       0.84769461573808935     
   2.5300653425536730       0.84811751730151352     
   2.5417246298465472       0.84854046733918098     
   2.5533839171394210       0.84896346562692060     
   2.5650432044322953       0.84938651194015080     
   2.5767024917251695       0.84980960605388123     
   2.5883617790180433       0.85023274774270963     
   2.6000210663109176       0.85065593678082374     
   2.6116803536037914       0.85107917294199831     
   2.6233396408966656       0.85150245599959795     
   2.6349989281895398       0.85192578572657263     
   2.6466582154824136       0.85234916189545973     
   2.6583175027752879       0.85277258427838332     
   2.6699767900681621       0.85319605264705145     
   2.6816360773610359       0.85361956677275985     
   2.6932953646539102       0.85404312642638669     
   2.7049546519467840       0.85446673137839524     
   2.7166139392396582       0.85489038139883244     
   2.7282732265325325       0.85531407625732725     
   2.7399325138254063       0.85573781572309193     
   2.7515918011182805       0.85616159956491977     
   2.7632510884111543       0.85658542755118650     
   2.7749103757040285       0.85700929944984794     
   2.7865696629969028       0.85743321502843939     
   2.7982289502897766       0.85785717405407902     
   2.8098882375826508       0.85828117629346035     
   2.8215475248755246       0.85870522151285766     
   2.8332068121683989       0.85912930947812272     
   2.8448660994612731       0.85955343995468514     
   2.8565253867541469       0.85997761270755113     
   2.8681846740470212       0.86040182750130423     
   2.8798439613398954       0.86082608410010253     
   2.8915032486327692       0.86125038226768058     
   2.9031625359256434       0.86167472176734872     
   2.9148218232185172       0.86209910236198817     
   2.9264811105113915       0.86252352381405828     
   2.9381403978042657       0.86294798588558785     
   2.9497996850971395       0.86337248833818014     
   2.9614589723900138       0.86379703093301063     
   2.9731182596828876       0.86422161343082637     
   2.9847775469757618       0.86464623559194498     
   2.9964368342686361       0.86507089717625352     
   3.0080961215615099       0.86549559794321185     
   3.0197554088543841       0.86592033765184551     
   3.0314146961472579       0.86634511606075271     
   3.0430739834401321       0.86676993292809645     
   3.0547332707330064       0.86719478801161021     
   3.0663925580258802       0.86761968106859255     
   3.0780518453187544       0.86804461185591053     
   3.0897111326116282       0.86846958012999576     
   3.1013704199045025       0.86889458564684541     
   3.1130297071973767       0.86931962816202357     
   3.1246889944902505       0.86974470743065591     
   3.1363482817831247       0.87016982320743486     
   3.1480075690759990       0.87059497524661378     
   3.1596668563688728       0.87102016330200926     
   3.1713261436617470       0.87144538712700159     
   3.1829854309546208       0.87187064647453150     
   3.1946447182474951       0.87229594109710007     
   3.2063040055403693       0.87272127074677186     
   3.2179632928332431       0.87314663517516800     
   3.2296225801261174       0.87357203413347051     
   3.2412818674189912       0.87399746737242057     
   3.2529411547118654       0.87442293464231791     
   3.2646004420047396       0.87484843569301896     
   3.2762597292976134       0.87527397027393827     
   3.2879190165904877       0.87569953813404655     
   3.2995783038833615       0.87612513902187172     
   3.3112375911762357       0.87655077268549564     
   3.3228968784691100       0.87697643887255516     
   3.3345561657619838       0.87740213733024419     
   3.3462154530548580       0.87782786780530753     
   3.3578747403477323       0.87825363004404455     
   3.3695340276406061       0.87867942379230723     
   3.3811933149334803       0.87910524879549989     
   3.3928526022263541       0.87953110479857832     
   3.4045118895192283       0.87995699154604956     
   3.4161711768121026       0.88038290878197056     
   3.4278304641049764       0.88080885624995020     
   3.4394897513978506       0.88123483369314415     
   3.4511490386907244       0.88166084085425811     
   3.4628083259835987       0.88208687747554659     
   3.4744676132764729       0.88251294329881169     
   3.4861269005693467       0.88293903806540064     
   3.4977861878622210       0.88336516151621081     
   3.5094454751550948       0.88379131339168326     
   3.5211047624479690       0.88421749343180489     
   3.5327640497408432       0.88464370137610648     
   3.5444233370337170       0.88506993696366643     
   3.5560826243265913       0.88549619993310380     
   3.5677419116194651       0.88592249002258117     
   3.5794011989123393       0.88634880696980545     
   3.5910604862052136       0.88677515051202505     
   3.6027197734980874       0.88720152038602829     
   3.6143790607909616       0.88762791632814719     
   3.6260383480838358       0.88805433807425127     
   3.6376976353767096       0.88848078535975328     
   3.6493569226695839       0.88890725791960079     
   3.6610162099624577       0.88933375548828453     
   3.6726754972553319       0.88976027779983125     
   3.6843347845482062       0.89018682458780451     
   3.6959940718410800       0.89061339558530672     
   3.7076533591339542       0.89103999052497573     
   3.7193126464268280       0.89146660913898457     
   3.7309719337197023       0.89189325115904394     
   3.7426312210125765       0.89231991631639618     
   3.7542905083054503       0.89274660434182018     
   3.7659497955983245       0.89317331496562735     
   3.7776090828911983       0.89360004791766279     
   3.7892683701840726       0.89402680292730274     
   3.8009276574769468       0.89445357972345729     
   3.8125869447698206       0.89488037803456710     
   3.8242462320626949       0.89530719758860178     
   3.8359055193555687       0.89573403811306362     
   3.8475648066484429       0.89616089933498366     
   3.8592240939413172       0.89658778098092118     
   3.8708833812341910       0.89701468277696539     
   3.8825426685270652       0.89744160444873311     
   3.8942019558199394       0.89786854572136687     
   3.9058612431128132       0.89829550631953803     
   3.9175205304056875       0.89872248596744198     
   3.9291798176985613       0.89914948438880316     
   3.9408391049914355       0.89957650130686662     
   3.9524983922843098       0.90000353644440589     
   3.9641576795771836       0.90043058952371613     
   3.9758169668700578       0.90085766026661562     
   3.9874762541629316       0.90128474839444794     
   3.9991355414558059       0.90171185362807482     
   4.0107948287486801       0.90213897568788359     
   4.0224541160415539       0.90256611429377920     
   4.0341134033344277       0.90299326916519096     
   4.0457726906273024       0.90342044002106447     
   4.0574319779201762       0.90384762657986584     
   4.0690912652130500       0.90427482855958063     
   4.0807505525059247       0.90470204567771162     
   4.0924098397987985       0.90512927765128026     
   4.1040691270916723       0.90555652419682353     
   4.1157284143845470       0.90598378503039589     
   4.1273877016774208       0.90641105986756798     
   4.1390469889702945       0.90683834842342437     
   4.1507062762631683       0.90726565041256568     
   4.1623655635560430       0.90769296554910528     
   4.1740248508489168       0.90812029354667190     
   4.1856841381417906       0.90854763411840589     
   4.1973434254346653       0.90897498697696055     
   4.2090027127275391       0.90940235183450047     
   4.2206620000204129       0.90982972840270282     
   4.2323212873132876       0.91025711639275275     
   4.2439805746061614       0.91068451551534813     
   4.2556398618990352       0.91111192548069697     
   4.2672991491919099       0.91153934599851216     
   4.2789584364847837       0.91196677677801863     
   4.2906177237776575       0.91239421752794791     
   4.3022770110705313       0.91282166795653830     
   4.3139362983634060       0.91324912777153633     
   4.3255955856562798       0.91367659668019185     
   4.3372548729491536       0.91410407438926300     
   4.3489141602420283       0.91453156060501051     
   4.3605734475349021       0.91495905503320096     
   4.3722327348277759       0.91538655737910390     
   4.3838920221206505       0.91581406734749315     
   4.3955513094135243       0.91624158464264316     
   4.4072105967063981       0.91666910896833109     
   4.4188698839992719       0.91709664002783708     
   4.4305291712921466       0.91752417752393900     
   4.4421884585850204       0.91795172115891754     
   4.4538477458778942       0.91837927063455393     
   4.4655070331707689       0.91880682565212446     
   4.4771663204636427       0.91923438591240680     
   4.4888256077565165       0.91966195111567739     
   4.5004848950493912       0.92008952096170660     
   4.5121441823422650       0.92051709514976432     
   4.5238034696351388       0.92094467337861619     
   4.5354627569280135       0.92137225534652267     
   4.5471220442208873       0.92179984075124011     
   4.5587813315137611       0.92222742929001811     
   4.5704406188066349       0.92265502065960070     
   4.5820999060995096       0.92308261455622631     
   4.5937591933923834       0.92351021067562433     
   4.6054184806852572       0.92393780871301634     
   4.6170777679781319       0.92436540836311587     
   4.6287370552710057       0.92479300932012887     
   4.6403963425638795       0.92522061127774879     
   4.6520556298567541       0.92564821392916119     
   4.6637149171496279       0.92607581696703889     
   4.6753742044425017       0.92650342008354503     
   4.6870334917353755       0.92693102297033059     
   4.6986927790282502       0.92735862531853086     
   4.7103520663211240       0.92778622681877421     
   4.7220113536139978       0.92821382716116807     
   4.7336706409068725       0.92864142603531019     
   4.7453299281997463       0.92906902313028261     
   4.7569892154926201       0.92949661813465079     
   4.7686485027854948       0.92992421073646525     
   4.7803077900783686       0.93035180062325917     
   4.7919670773712424       0.93077938748204858     
   4.8036263646641171       0.93120697099933125     
   4.8152856519569909       0.93163455086108782     
   4.8269449392498647       0.93206212675277833     
   4.8386042265427385       0.93248969835934437     
   4.8502635138356132       0.93291726536520647     
   4.8619228011284870       0.93334482745426517     
   4.8735820884213608       0.93377238430989851     
   4.8852413757142354       0.93419993561496484     
   4.8969006630071092       0.93462748105179738     
   4.9085599502999830       0.93505502030220777     
   4.9202192375928577       0.93548255304748262     
   4.9318785248857315       0.93591007896838618     
   4.9435378121786053       0.93633759774515768     
   4.9551970994714791       0.93676510905750709     
   4.9668563867643538       0.93719261258462472     
   4.9785156740572276       0.93762010800516749     
   4.9901749613501014       0.93804759499727042     
   5.0018342486429761       0.93847507323853874     
   5.0134935359358499       0.93890254240604853     
   5.0251528232287237       0.93933000217634643     
   5.0368121105215984       0.93975745222545237     
   5.0484713978144722       0.94018489222885393     
   5.0601306851073460       0.94061232186150845     
   5.0717899724002207       0.94103974079784092     
   5.0834492596930945       0.94146714871174642     
   5.0951085469859683       0.94189454527658678     
   5.1067678342788421       0.94232193016518961     
   5.1184271215717168       0.94274930304984939     
   5.1300864088645906       0.94317666360232710     
   5.1417456961574644       0.94360401149384854     
   5.1534049834503390       0.94403134639510300     
   5.1650642707432128       0.94445866797624534     
   5.1767235580360866       0.94488597590689360     
   5.1883828453289613       0.94531326985612729     
   5.2000421326218351       0.94574054949248776     
   5.2117014199147089       0.94616781448398157     
   5.2233607072075827       0.94659506449807318     
   5.2350199945004574       0.94702229920168690     
   5.2466792817933312       0.94744951826120949     
   5.2583385690862050       0.94787672134248480     
   5.2699978563790797       0.94830390811081600     
   5.2816571436719535       0.94873107823096570     
   5.2933164309648273       0.94915823136715238     
   5.3049757182577020       0.94958536718305186     
   5.3166350055505758       0.95001248534179661     
   5.3282942928434496       0.95043958550597363     
   5.3399535801363243       0.95086666733762826     
   5.3516128674291981       0.95129373049825527     
   5.3632721547220719       0.95172077464880855     
   5.3749314420149457       0.95214779944969163     
   5.3865907293078203       0.95257480456076338     
   5.3982500166006941       0.95300178964133420     
   5.4099093038935679       0.95342875435016394     
   5.4215685911864426       0.95385569834546713     
   5.4332278784793164       0.95428262128490682     
   5.4448871657721902       0.95470952282559507     
   5.4565464530650649       0.95513640262409449     
   5.4682057403579387       0.95556326033641659     
   5.4798650276508125       0.95599009561802006     
   5.4915243149436872       0.95641690812381108     
   5.5031836022365610       0.95684369750814424     
   5.5148428895294348       0.95727046342481914     
   5.5265021768223086       0.95769720552708082     
   5.5381614641151833       0.95812392346762032     
   5.5498207514080571       0.95855061689857268     
   5.5614800387009309       0.95897728547151850     
   5.5731393259938056       0.95940392883747871     
   5.5847986132866794       0.95983054664692102     
   5.5964579005795532       0.96025713854975092     
   5.6081171878724279       0.96068370419531957     
   5.6197764751653017       0.96111024323241578     
   5.6314357624581755       0.96153675530927207     
   5.6430950497510493       0.96196324007355871     
   5.6547543370439239       0.96238969717238565     
   5.6664136243367977       0.96281612625230273     
   5.6780729116296715       0.96324252695929502     
   5.6897321989225462       0.96366889893878815     
   5.7013914862154200       0.96409524183564299     
   5.7130507735082938       0.96452155529415806     
   5.7247100608011685       0.96494783895806635     
   5.7363693480940423       0.96537409247053663     
   5.7480286353869161       0.96580031547417233     
   5.7596879226797908       0.96622650761101037     
   5.7713472099726646       0.96665266852252241     
   5.7830064972655384       0.96707879784961082     
   5.7946657845584122       0.96750489523261329     
   5.8063250718512869       0.96793096031129444     
   5.8179843591441607       0.96835699272485576     
   5.8296436464370345       0.96878299211192509     
   5.8413029337299092       0.96920895811056185     
   5.8529622210227830       0.96963489035825323     
   5.8646215083156568       0.97006078849191735     
   5.8762807956085314       0.97048665214789931     
   5.8879400829014052       0.97091248096197191     
   5.8995993701942790       0.97133827456933497     
   5.9112586574871528       0.97176403260461408     
   5.9229179447800275       0.97218975470186242     
   5.9345772320729013       0.97261544049455662     
   5.9462365193657751       0.97304108961559799     
   5.9578958066586498       0.97346670169731386     
   5.9695550939515236       0.97389227637145193     
   5.9812143812443974       0.97431781326918565     
   5.9928736685372721       0.97474331202110975     
   6.0045329558301459       0.97516877225724075     
   6.0161922431230197       0.97559419360701405     
   6.0278515304158944       0.97601957569929032     
   6.0395108177087682       0.97644491816234713     
   6.0511701050016420       0.97687022062388118     
   6.0628293922945158       0.97729548271101008     
   6.0744886795873905       0.97772070405026601     
   6.0861479668802643       0.97814588426760296     
   6.0978072541731381       0.97857102298838905     
   6.1094665414660128       0.97899611983741097     
   6.1211258287588866       0.97942117443887011     
   6.1327851160517604       0.97984618641638310     
   6.1444444033446350       0.98027115539298160     
   6.1561036906375088       0.98069608099111150     
   6.1677629779303826       0.98112096283263228     
   6.1794222652232564       0.98154580053881624     
   6.1910815525161311       0.98197059373034790     
   6.2027408398090049       0.98239534202732426     
   6.2144001271018787       0.98282004504925280     
   6.2260594143947534       0.98324470241505268     
   6.2377187016876272       0.98366931374305189     
   6.2493779889805010       0.98409387865098930     
   6.2610372762733757       0.98451839675601138     
   6.2726965635662495       0.98494286767467298     
   6.2843558508591233       0.98536729102293785     
   6.2960151381519980       0.98579166641617744     
   6.3076744254448718       0.98621599346916788     
   6.3193337127377456       0.98664027179609193     
   6.3309930000306194       0.98706450101053866     
   6.3426522873234941       0.98748868072550133     
   6.3543115746163679       0.98791281055337687     
   6.3659708619092417       0.98833689010596715     
   6.3776301492021163       0.98876091899447771     
   6.3892894364949901       0.98918489682951460     
   6.4009487237878639       0.98960882322108701     
   6.4126080110807386       0.99003269777860592     
   6.4242672983736124       0.99045652011088170     
   6.4359265856664862       0.99088028982612730     
   6.4475858729593600       0.99130400653195250     
   6.4592451602522347       0.99172766983537064     
   6.4709044475451085       0.99215127934278735     
   6.4825637348379823       0.99257483466001073     
   6.4942230221308570       0.99299833539224591     
   6.5058823094237308       0.99342178114409285     
   6.5175415967166046       0.99384517151954943     
   6.5292008840094793       0.99426850612200934     
   6.5408601713023531       0.99469178455426033     
   6.5525194585952269       0.99511500641848383     
   6.5641787458881016       0.99553817131625766     
   6.5758380331809754       0.99596127884855168     
   6.5874973204738492       0.99638432861572823     
   6.5991566077667230       0.99680732021754270     
   6.6108158950595977       0.99723025325314119     
   6.6224751823524715       0.99765312732106226     
   6.6341344696453453       0.99807594201923266     
   6.6457937569382199       0.99849869694497118     
   6.6574530442310937       0.99892139169498662     
   6.6691123315239675       0.99934402586537308     
   6.6807716188168422       0.99976659905161691     
   6.6924309061097160        1.0001891108485896     
   6.7040901934025898        1.0006115608505506     
   6.7157494806954645        1.0010339486511453     
   6.7274087679883383        1.0014562738434054     
   6.7390680552812121        1.0018785360197489     
   6.7507273425740859        1.0023007347719768     
   6.7623866298669606        1.0027228696912760     
   6.7740459171598344        1.0031449403682160     
   6.7857052044527082        1.0035669463927492     
   6.7973644917455829        1.0039888873542120     
   6.8090237790384567        1.0044107628413215     
   6.8206830663313305        1.0048325724421761     
   6.8323423536242052        1.0052543157442577     
   6.8440016409170790        1.0056759923344238     
   6.8556609282099528        1.0060976017989149     
   6.8673202155028266        1.0065191437233512     
   6.8789795027957013        1.0069406176927280     
   6.8906387900885750        1.0073620232914218     
   6.9022980773814488        1.0077833601031858     
   6.9139573646743235        1.0082046277111498     
   6.9256166519671973        1.0086258256978200     
   6.9372759392600711        1.0090469536450786     
   6.9489352265529458        1.0094680111341816     
   6.9605945138458196        1.0098889977457628     
   6.9722538011386934        1.0103099130598259     
   6.9839130884315681        1.0107307566557513     
   6.9955723757244419        1.0111515281122909     
   7.0072316630173157        1.0115722270075704     
   7.0188909503101895        1.0119928529190865     
   7.0305502376030642        1.0124134054237062     
   7.0422095248959380        1.0128338840976689     
   7.0538688121888118        1.0132542885165829     
   7.0655280994816865        1.0136746182554268     
   7.0771873867745603        1.0140948728885482     
   7.0888466740674341        1.0145150519896624     
   7.1005059613603088        1.0149351551318544     
   7.1121652486531826        1.0153551818875746     
   7.1238245359460564        1.0157751318286412     
   7.1354838232389302        1.0161950045262396     
   7.1471431105318048        1.0166147995509183     
   7.1588023978246786        1.0170345164725945     
   7.1704616851175524        1.0174541548605465     
   7.1821209724104271        1.0178737142834187     
   7.1937802597033009        1.0182931943092186     
   7.2054395469961747        1.0187125945053168     
   7.2170988342890494        1.0191319144384459     
   7.2287581215819232        1.0195511536746997     
   7.2404174088747970        1.0199703117795353     
   7.2520766961676717        1.0203893883177702     
   7.2637359834605455        1.0208083828535788     
   7.2753952707534193        1.0212272949504995     
   7.2870545580462931        1.0216461241714279     
   7.2987138453391678        1.0220648700786166     
   7.3103731326320416        1.0224835322336789     
   7.3220324199249154        1.0229021101975848     
   7.3336917072177901        1.0233206035306603     
   7.3453509945106639        1.0237390117925875     
   7.3570102818035377        1.0241573345424066     
   7.3686695690964124        1.0245755713385105     
   7.3803288563892862        1.0249937217386484     
   7.3919881436821600        1.0254117852999229     
   7.4036474309750337        1.0258297615787901     
   7.4153067182679084        1.0262476501310607     
   7.4269660055607822        1.0266654505118953     
   7.4386252928536560        1.0270831622758094     
   7.4502845801465307        1.0275007849766680     
   7.4619438674394045        1.0279183181676870     
   7.4736031547322783        1.0283357614014343     
   7.4852624420251530        1.0287531142298258     
   7.4969217293180268        1.0291703762041287     
   7.5085810166109006        1.0295875468749556     
   7.5202403039037753        1.0300046257922717     
   7.5318995911966491        1.0304216125053867     
   7.5435588784895229        1.0308385065629584     
   7.5552181657823967        1.0312553075129913     
   7.5668774530752714        1.0316720149028362     
   7.5785367403681452        1.0320886282791888     
   7.5901960276610190        1.0325051471880902     
   7.6018553149538937        1.0329215711749256     
   7.6135146022467675        1.0333378997844245     
   7.6251738895396413        1.0337541325606605     
   7.6368331768325159        1.0341702690470487     
   7.6484924641253897        1.0345863087863467     
   7.6601517514182635        1.0350022513206554     
   7.6718110387111373        1.0354180961914148     
   7.6834703260040120        1.0358338429394072     
   7.6951296132968858        1.0362494911047544     
   7.7067889005897596        1.0366650402269186     
   7.7184481878826343        1.0370804898447004     
   7.7301074751755081        1.0374958394962392     
   7.7417667624683819        1.0379110887190128     
   7.7534260497612566        1.0383262370498361     
   7.7650853370541304        1.0387412840248613     
   7.7767446243470042        1.0391562291795777     
   7.7884039116398789        1.0395710720488094     
   7.8000631989327527        1.0399858121667163     
   7.8117224862256265        1.0404004490667942     
   7.8233817735185003        1.0408149822818724     
   7.8350410608113750        1.0412294113441143     
   7.8467003481042488        1.0416437357850170     
   7.8583596353971226        1.0420579551354094     
   7.8700189226899973        1.0424720689254545     
   7.8816782099828711        1.0428860766846453     
   7.8933374972757449        1.0432999779418071     
   7.9049967845686195        1.0437137722250964     
   7.9166560718614933        1.0441274590619989     
   7.9283153591543671        1.0445410379793305     
   7.9399746464472409        1.0449545085032359     
   7.9516339337401156        1.0453678701591893     
   7.9632932210329894        1.0457811224719935     
   7.9749525083258632        1.0461942649657774     
   7.9866117956187379        1.0466072971639979     
   7.9982710829116117        1.0470202185894386     
   8.0099303702044864        1.0474330287642093     
   8.0215896574973602        1.0478457272097450     
   8.0332489447902340        1.0482583134468071     
   8.0449082320831078        1.0486707869954797     
   8.0565675193759816        1.0490831473751725     
   8.0682268066688554        1.0494953941046175     
   8.0798860939617310        1.0499075267018716     
   8.0915453812546048        1.0503195446843125     
   8.1032046685474786        1.0507314475686409     
   8.1148639558403524        1.0511432348708785     
   8.1265232431332262        1.0515549061063700     
   8.1381825304261000        1.0519664607897772     
   8.1498418177189738        1.0523778984350840     
   8.1615011050118493        1.0527892185555949     
   8.1731603923047231        1.0532004206639312     
   8.1848196795975969        1.0536115042720349     
   8.1964789668904707        1.0540224688911635     
   8.2081382541833445        1.0544333140318944     
   8.2197975414762183        1.0548440392041207     
   8.2314568287690939        1.0552546439170536     
   8.2431161160619677        1.0556651276792179     
   8.2547754033548415        1.0560754899984559     
   8.2664346906477153        1.0564857303819239     
   8.2780939779405891        1.0568958483360946     
   8.2897532652334629        1.0573058433667519     
   8.3014125525263367        1.0577157149789960     
   8.3130718398192123        1.0581254626772381     
   8.3247311271120861        1.0585350859652027     
   8.3363904144049599        1.0589445843459275     
   8.3480497016978337        1.0593539573217605     
   8.3597089889907075        1.0597632043943619     
   8.3713682762835813        1.0601723250647010     
   8.3830275635764568        1.0605813188330586     
   8.3946868508693306        1.0609901851990238     
   8.4063461381622044        1.0613989236614969     
   8.4180054254550782        1.0618075337186856     
   8.4296647127479520        1.0622160148681055     
   8.4413240000408258        1.0626243666065809     
   8.4529832873336996        1.0630325884302430     
   8.4646425746265752        1.0634406798345291     
   8.4763018619194490        1.0638486403141831     
   8.4879611492123228        1.0642564693632555     
   8.4996204365051966        1.0646641664751018     
   8.5112797237980704        1.0650717311423807     
   8.5229390110909442        1.0654791628570579     
   8.5345982983838198        1.0658864611104020     
   8.5462575856766936        1.0662936253929833     
   8.5579168729695674        1.0667006551946774     
   8.5695761602624412        1.0671075500046612     
   8.5812354475553150        1.0675143093114146     
   8.5928947348481888        1.0679209326027170     
   8.6045540221410626        1.0683274193656509     
   8.6162133094339382        1.0687337690865981     
   8.6278725967268119        1.0691399812512425     
   8.6395318840196857        1.0695460553445639     
   8.6511911713125595        1.0699519908508452     
   8.6628504586054333        1.0703577872536654     
   8.6745097458983071        1.0707634440359028     
   8.6861690331911809        1.0711689606797343     
   8.6978283204840565        1.0715743366666319     
   8.7094876077769303        1.0719795714773661     
   8.7211468950698041        1.0723846645920032     
   8.7328061823626779        1.0727896154899068     
   8.7444654696555517        1.0731944236497335     
   8.7561247569484255        1.0735990885494362     
   8.7677840442413011        1.0740036096662633     
   8.7794433315341749        1.0744079864767557     
   8.7911026188270487        1.0748122184567488     
   8.8027619061199225        1.0752163050813701     
   8.8144211934127963        1.0756202458250417     
   8.8260804807056701        1.0760240401614771     
   8.8377397679985439        1.0764276875636811     
   8.8493990552914195        1.0768311875039502     
   8.8610583425842933        1.0772345394538712     
   8.8727176298771671        1.0776377428843233     
   8.8843769171700409        1.0780407972654733     
   8.8960362044629147        1.0784437020667792     
   8.9076954917557885        1.0788464567569880     
   8.9193547790486640        1.0792490608041350     
   8.9310140663415378        1.0796515136755427     
   8.9426733536344116        1.0800538148378238     
   8.9543326409272854        1.0804559637568765     
   8.9659919282201592        1.0808579598978858     
   8.9776512155130330        1.0812598027253253     
   8.9893105028059068        1.0816614917029514     
   9.0009697900987824        1.0820630262938089     
   9.0126290773916562        1.0824644059602262     
   9.0242883646845300        1.0828656301638167     
   9.0359476519774038        1.0832666983654793     
   9.0476069392702776        1.0836676100253946     
   9.0592662265631514        1.0840683646030276     
   9.0709255138560270        1.0844689615571277     
   9.0825848011489008        1.0848694003457247     
   9.0942440884417746        1.0852696804261304     
   9.1059033757346484        1.0856698012549411     
   9.1175626630275222        1.0860697622880309     
   9.1292219503203960        1.0864695629805579     
   9.1408812376132698        1.0868692027869578     
   9.1525405249061453        1.0872686811609478     
   9.1641998121990191        1.0876679975555250     
   9.1758590994918929        1.0880671514229641     
   9.1875183867847667        1.0884661422148205     
   9.1991776740776405        1.0888649693819266     
   9.2108369613705143        1.0892636323743929     
   9.2224962486633899        1.0896621306416066     
   9.2341555359562637        1.0900604636322333     
   9.2458148232491375        1.0904586307942150     
   9.2574741105420113        1.0908566315747696     
   9.2691333978348851        1.0912544654203902     
   9.2807926851277589        1.0916521317768455     
   9.2924519724206327        1.0920496300891815     
   9.3041112597135083        1.0924469598017155     
   9.3157705470063821        1.0928441203580390     
   9.3274298342992559        1.0932411112010212     
   9.3390891215921297        1.0936379317728000     
   9.3507484088850035        1.0940345815147881     
   9.3624076961778773        1.0944310598676719     
   9.3740669834707511        1.0948273662714083     
   9.3857262707636266        1.0952235001652262     
   9.3973855580565004        1.0956194609876266     
   9.4090448453493742        1.0960152481763801     
   9.4207041326422480        1.0964108611685299     
   9.4323634199351218        1.0968062994003867     
   9.4440227072279956        1.0972015623075331     
   9.4556819945208712        1.0975966493248199     
   9.4673412818137450        1.0979915598863674     
   9.4790005691066188        1.0983862934255635     
   9.4906598563994926        1.0987808493750661     
   9.5023191436923664        1.0991752271667976     
   9.5139784309852402        1.0995694262319526     
   9.5256377182781140        1.0999634460009877     
   9.5372970055709896        1.1003572859036297     
   9.5489562928638634        1.1007509453688697     
   9.5606155801567372        1.1011444238249646     
   9.5722748674496110        1.1015377206994394     
   9.5839341547424848        1.1019308354190791     
   9.5955934420353586        1.1023237674099389     
   9.6072527293282342        1.1027165160973345     
   9.6189120166211080        1.1031090809058477     
   9.6305713039139818        1.1035014612593215     
   9.6422305912068556        1.1038936565808655     
   9.6538898784997293        1.1042856662928484     
   9.6655491657926031        1.1046774898169032     
   9.6772084530854769        1.1050691265739259     
   9.6888677403783525        1.1054605759840719     
   9.7005270276712263        1.1058518374667594     
   9.7121863149641001        1.1062429104406670     
   9.7238456022569739        1.1066337943237345     
   9.7355048895498477        1.1070244885331622     
   9.7471641768427215        1.1074149924854080     
   9.7588234641355971        1.1078053055961912     
   9.7704827514284709        1.1081954272804904     
   9.7821420387213447        1.1085853569525415     
   9.7938013260142185        1.1089750940258403     
   9.8054606133070923        1.1093646379131399     
   9.8171199005999661        1.1097539880264513     
   9.8287791878928399        1.1101431437770419     
   9.8404384751857155        1.1105321045754382     
   9.8520977624785893        1.1109208698314208     
   9.8637570497714631        1.1113094389540279     
   9.8754163370643369        1.1116978113515543     
   9.8870756243572107        1.1120859864315487     
   9.8987349116500845        1.1124739636008163     
   9.9103941989429583        1.1128617422654163     
   9.9220534862358338        1.1132493218306629     
   9.9337127735287076        1.1136367017011248     
   9.9453720608215814        1.1140238812806245     
   9.9570313481144552        1.1144108599722362     
   9.9686906354073290        1.1147976371782899     
   9.9803499227002028        1.1151842123003670     
   9.9920092099930784        1.1155705847393020     
   10.003668497285952        1.1159567538951802     
   10.015327784578826        1.1163427191673410     
   10.026987071871700        1.1167284799543722     
   10.038646359164574        1.1171140356541163     
   10.050305646457447        1.1174993856636639     
   10.061964933750321        1.1178845293793571     
   10.073624221043197        1.1182694661967878     
   10.085283508336071        1.1186541955107994     
   10.096942795628944        1.1190387167154818     
   10.108602082921818        1.1194230292041767     
   10.120261370214692        1.1198071323694734     
   10.131920657507566        1.1201910256032102     
   10.143579944800441        1.1205747082964730     
   10.155239232093315        1.1209581798395971     
   10.166898519386189        1.1213414396221626     
   10.178557806679063        1.1217244870330008     
   10.190217093971937        1.1221073214601864     
   10.201876381264810        1.1224899422910428     
   10.213535668557684        1.1228723489121384     
   10.225194955850560        1.1232545407092895     
   10.236854243143434        1.1236365170675557     
   10.248513530436307        1.1240182773712444     
   10.260172817729181        1.1243998210039066     
   10.271832105022055        1.1247811473483389     
   10.283491392314929        1.1251622557865815     
   10.295150679607804        1.1255431456999192     
   10.306809966900678        1.1259238164688816     
   10.318469254193552        1.1263042674732413     
   10.330128541486426        1.1266844980920132     
   10.341787828779299        1.1270645077034567     
   10.353447116072173        1.1274442956850741     
   10.365106403365047        1.1278238614136078     
   10.376765690657923        1.1282032042650449     
   10.388424977950796        1.1285823236146137     
   10.400084265243670        1.1289612188367839     
   10.411743552536544        1.1293398893052657     
   10.423402839829418        1.1297183343930113     
   10.435062127122292        1.1300965534722138     
   10.446721414415165        1.1304745459143049     
   10.458380701708041        1.1308523110899602     
   10.470039989000915        1.1312298483690904     
   10.481699276293789        1.1316071571208499     
   10.493358563586662        1.1319842367136301     
   10.505017850879536        1.1323610865150622     
   10.516677138172410        1.1327377058920165     
   10.528336425465286        1.1331140942106015     
   10.539995712758159        1.1334902508361628     
   10.551655000051033        1.1338661751332868     
   10.563314287343907        1.1342418664657949     
   10.574973574636781        1.1346173241967468     
   10.586632861929655        1.1349925476884402     
   10.598292149222528        1.1353675363024094     
   10.609951436515404        1.1357422893994238     
   10.621610723808278        1.1361168063394922     
   10.633270011101152        1.1364910864818560     
   10.644929298394025        1.1368651291849958     
   10.656588585686899        1.1372389338066267     
   10.668247872979773        1.1376124997036976     
   10.679907160272649        1.1379858262323945     
   10.691566447565522        1.1383589127481382     
   10.703225734858396        1.1387317586055830     
   10.714885022151270        1.1391043631586191     
   10.726544309444144        1.1394767257603686     
   10.738203596737018        1.1398488457631903     
   10.749862884029891        1.1402207225186747     
   10.761522171322767        1.1405923553776474     
   10.773181458615641        1.1409637436901652     
   10.784840745908514        1.1413348868055195     
   10.796500033201388        1.1417057840722336     
   10.808159320494262        1.1420764348380625     
   10.819818607787136        1.1424468384499975     
   10.831477895080011        1.1428169942542565     
   10.843137182372885        1.1431869015962923     
   10.854796469665759        1.1435565598207902     
   10.866455756958633        1.1439259682716634     
   10.878115044251507        1.1442951262920598     
   10.889774331544380        1.1446640332243561     
   10.901433618837254        1.1450326884101603     
   10.913092906130130        1.1454010911903114     
   10.924752193423004        1.1457692409048785     
   10.936411480715877        1.1461371368931601     
   10.948070768008751        1.1465047784936850     
   10.959730055301625        1.1468721650442122     
   10.971389342594499        1.1472392958817295     
   10.983048629887374        1.1476061703424540     
   10.994707917180248        1.1479727877618320     
   11.006367204473122        1.1483391474745386     
   11.018026491765996        1.1487052488144776     
   11.029685779058870        1.1490710911147808     
   11.041345066351743        1.1494366737078097     
   11.053004353644617        1.1498019959251515     
   11.064663640937493        1.1501670570976230     
   11.076322928230367        1.1505318565552678     
   11.087982215523240        1.1508963936273582     
   11.099641502816114        1.1512606676423927     
   11.111300790108988        1.1516246779280965     
   11.122960077401862        1.1519884238114222     
   11.134619364694736        1.1523519046185502     
   11.146278651987611        1.1527151196748859     
   11.157937939280485        1.1530780683050621     
   11.169597226573359        1.1534407498329364     
   11.181256513866233        1.1538031635815944     
   11.192915801159106        1.1541653088733461     
   11.204575088451980        1.1545271850297270     
   11.216234375744856        1.1548887913715000     
   11.227893663037730        1.1552501272186508     
   11.239552950330603        1.1556111918903909     
   11.251212237623477        1.1559719847051584     
   11.262871524916351        1.1563325049806152     
   11.274530812209225        1.1566927520336472     
   11.286190099502099        1.1570527251803662     
   11.297849386794974        1.1574124237361063     
   11.309508674087848        1.1577718470154286     
   11.321167961380722        1.1581309943321150     
   11.332827248673595        1.1584898649991739     
   11.344486535966469        1.1588484583288376     
   11.356145823259343        1.1592067736325584     
   11.367805110552219        1.1595648102210174     
   11.379464397845092        1.1599225674041134     
   11.391123685137966        1.1602800444909731     
   11.402782972430840        1.1606372407899430     
   11.414442259723714        1.1609941556085948     
   11.426101547016588        1.1613507882537215     
   11.437760834309461        1.1617071380313382     
   11.449420121602337        1.1620632042466839     
   11.461079408895211        1.1624189862042194     
   11.472738696188085        1.1627744832076279     
   11.484397983480958        1.1631296945598142     
   11.496057270773832        1.1634846195629049     
   11.507716558066706        1.1638392575182492     
   11.519375845359582        1.1641936077264174     
   11.531035132652455        1.1645476694872023     
   11.542694419945329        1.1649014420996175     
   11.554353707238203        1.1652549248618966     
   11.566012994531077        1.1656081170714985     
   11.577672281823951        1.1659610180250979     
   11.589331569116824        1.1663136270185941     
   11.600990856409700        1.1666659433471067     
   11.612650143702574        1.1670179663049758     
   11.624309430995448        1.1673696951857619     
   11.635968718288321        1.1677211292822476     
   11.647628005581195        1.1680722678864333     
   11.659287292874069        1.1684231102895422     
