   0.0000000000000000       0.34565024346065032     
  1.07096481761073514E-002  0.34574667286702865     
  2.14192963522147027E-002  0.34584325334276572     
  3.21289445283220523E-002  0.34593998499835876     
  4.28385927044294054E-002  0.34603686794433686     
  5.35482408805367585E-002  0.34613390229125979     
  6.42578890566441047E-002  0.34623108814971842     
  7.49675372327514578E-002  0.34632842563033617     
  8.56771854088588108E-002  0.34642591484376367     
  9.63868335849661639E-002  0.34652355590068662     
  0.10709648176107352       0.34662134891182000     
  0.11780612993718087       0.34671929398790857     
  0.12851577811328821       0.34681739123972938     
  0.13922542628939558       0.34691564077808984     
  0.14993507446550292       0.34701404271382813     
  0.16064472264161028       0.34711259715781095     
  0.17135437081771762       0.34721130422093910     
  0.18206401899382496       0.34731016401414250     
  0.19277366716993233       0.34740917664838011     
  0.20348331534603967       0.34750834223464272     
  0.21419296352214703       0.34760766088395162     
  0.22490261169825437       0.34770713270735798     
  0.23561225987436174       0.34780675781594256     
  0.24632190805046908       0.34790653632081703     
  0.25703155622657642       0.34800646833312426     
  0.26774120440268379       0.34810655396403484     
  0.27845085257879115       0.34820679332475202     
  0.28916050075489846       0.34830718652650683     
  0.29987014893100583       0.34840773368055977     
  0.31057979710711320       0.34850843489820515     
  0.32128944528322056       0.34860929029076332     
  0.33199909345932788       0.34871029996958514     
  0.34270874163543524       0.34881146404605201     
  0.35341838981154261       0.34891278263157544     
  0.36412803798764992       0.34901425583759432     
  0.37483768616375729       0.34911588377557973     
  0.38554733433986466       0.34921766655703007     
  0.39625698251597202       0.34931960429347431     
  0.40696663069207933       0.34942169709646975     
  0.41767627886818670       0.34952394507760631     
  0.42838592704429407       0.34962634834849837     
  0.43909557522040138       0.34972890702079196     
  0.44980522339650875       0.34983162120616301     
  0.46051487157261611       0.34993449101631569     
  0.47122451974872348       0.35003751656298293     
  0.48193416792483079       0.35014069795792729     
  0.49264381610093816       0.35024403531293929     
  0.50335346427704553       0.35034752873983943     
  0.51406311245315284       0.35045117835047551     
  0.52477276062926026       0.35055498425672610     
  0.53548240880536757       0.35065894657049751     
  0.54619205698147488       0.35076306540372360     
  0.55690170515758231       0.35086734086836818     
  0.56761135333368962       0.35097177307642413     
  0.57832100150979693       0.35107636213991200     
  0.58903064968590435       0.35118110817087744     
  0.59974029786201166       0.35128601128140086     
  0.61044994603811897       0.35139107158358629     
  0.62115959421422640       0.35149628918956793     
  0.63186924239033371       0.35160166421150751     
  0.64257889056644113       0.35170719676159462     
  0.65328853874254844       0.35181288695204732     
  0.66399818691865575       0.35191873489511055     
  0.67470783509476318       0.35202474070305934     
  0.68541748327087049       0.35213090448819478     
  0.69612713144697780       0.35223722636284677     
  0.70683677962308522       0.35234370643937224     
  0.71754642779919253       0.35245034483015619     
  0.72825607597529984       0.35255714164761065     
  0.73896572415140727       0.35266409700417589     
  0.74967537232751458       0.35277121101231851     
  0.76038502050362200       0.35287848378453468     
  0.77109466867972931       0.35298591543334651     
  0.78180431685583662       0.35309350607130258     
  0.79251396503194405       0.35320125581097966     
  0.80322361320805136       0.35330916476498309     
  0.81393326138415867       0.35341723304594391     
  0.82464290956026609       0.35352546076651731     
  0.83535255773637340       0.35363384803939230     
  0.84606220591248071       0.35374239497727766     
  0.85677185408858814       0.35385110169291351     
  0.86748150226469545       0.35395996829906518     
  0.87819115044080276       0.35406899490852611     
  0.88890079861691018       0.35417818163411419     
  0.89961044679301749       0.35428752858867402     
  0.91032009496912492       0.35439703588507976     
  0.92102974314523223       0.35450670363622910     
  0.93173939132133954       0.35461653195504661     
  0.94244903949744696       0.35472652095448343     
  0.95315868767355427       0.35483667074751751     
  0.96386833584966158       0.35494698144715225     
  0.97457798402576901       0.35505745316641818     
  0.98528763220187632       0.35516808601837008     
  0.99599728037798363       0.35527888011609177     
   1.0067069285540911       0.35538983557268872     
   1.0174165767301984       0.35550095250129571     
   1.0281262249063057       0.35561223101507144     
   1.0388358730824130       0.35572367122720211     
   1.0495455212585205       0.35583527325089842     
   1.0602551694346278       0.35594703719939719     
   1.0709648176107351       0.35605896318595853     
   1.0816744657868425       0.35617105132387117     
   1.0923841139629498       0.35628330172644790     
   1.1030937621390573       0.35639571450702573     
   1.1138034103151646       0.35650828977896920     
   1.1245130584912719       0.35662102765566694     
   1.1352227066673792       0.35673392825053163     
   1.1459323548434865       0.35684699167700185     
   1.1566420030195939       0.35696021804854194     
   1.1673516511957014       0.35707360747863920     
   1.1780612993718087       0.35718716008080825     
   1.1887709475479160       0.35730087596858512     
   1.1994805957240233       0.35741475525553590     
   1.2101902439001306       0.35752879805524412     
   1.2208998920762379       0.35764300448132502     
   1.2316095402523455       0.35775737464741236     
   1.2423191884284528       0.35787190866716712     
   1.2530288366045601       0.35798660665427484     
   1.2637384847806674       0.35810146872244486     
   1.2744481329567747       0.35821649498541192     
   1.2851577811328823       0.35833168555693007     
   1.2958674293089896       0.35844704055078397     
   1.3065770774850969       0.35856256008077819     
   1.3172867256612042       0.35867824426074091     
   1.3279963738373115       0.35879409320452732     
   1.3387060220134188       0.35891010702601217     
   1.3494156701895264       0.35902628583909751     
   1.3601253183656337       0.35914262975770761     
   1.3708349665417410       0.35925913889578887     
   1.3815446147178483       0.35937581336731395     
   1.3922542628939556       0.35949265328627528     
   1.4029639110700631       0.35960965876669204     
   1.4136735592461704       0.35972682992260530     
   1.4243832074222778       0.35984416686807785     
   1.4350928555983851       0.35996166971719723     
   1.4458025037744924       0.36007933858407426     
   1.4565121519505997       0.36019717358284103     
   1.4672218001267072       0.36031517482765318     
   1.4779314483028145       0.36043334243269032     
   1.4886410964789218       0.36055167651215209     
   1.4993507446550292       0.36067017718026367     
   1.5100603928311365       0.36078884455126936     
   1.5207700410072440       0.36090767873944118     
   1.5314796891833513       0.36102667985906700     
   1.5421893373594586       0.36114584802446009     
   1.5528989855355659       0.36126518334995916     
   1.5636086337116732       0.36138468594991929     
   1.5743182818877806       0.36150435593871960     
   1.5850279300638881       0.36162419343076380     
   1.5957375782399954       0.36174419854047418     
   1.6064472264161027       0.36186437138229588     
   1.6171568745922100       0.36198471207069571     
   1.6278665227683173       0.36210522072016332     
   1.6385761709444246       0.36222589744520844     
   1.6492858191205322       0.36234674236036207     
   1.6599954672966395       0.36246775558017802     
   1.6707051154727468       0.36258893721922975     
   1.6814147636488541       0.36271028739211297     
   1.6921244118249614       0.36283180621344546     
   1.7028340600010690       0.36295349379786557     
   1.7135437081771763       0.36307535026002863     
   1.7242533563532836       0.36319737571461735     
   1.7349630045293909       0.36331957027633133     
   1.7456726527054982       0.36344193405989161     
   1.7563823008816055       0.36356446718003971     
   1.7670919490577131       0.36368716975153875     
   1.7778015972338204       0.36381004188917010     
   1.7885112454099277       0.36393308370773836     
   1.7992208935860350       0.36405629532206718     
   1.8099305417621423       0.36417967684699981     
   1.8206401899382498       0.36430322839739915     
   1.8313498381143571       0.36442695008815051     
   1.8420594862904645       0.36455084203415805     
   1.8527691344665718       0.36467490435034394     
   1.8634787826426791       0.36479913715165341     
   1.8741884308187864       0.36492354055304838     
   1.8848980789948939       0.36504811466951104     
   1.8956077271710012       0.36517285961604562     
   1.9063173753471085       0.36529777550767439     
   1.9170270235232159       0.36542286245943700     
   1.9277366716993232       0.36554812058639341     
   1.9384463198754307       0.36567355000362506     
   1.9491559680515380       0.36579915082622910     
   1.9598656162276453       0.36592492316932279     
   1.9705752644037526       0.36605086714804597     
   1.9812849125798599       0.36617698287755035     
   1.9919945607559673       0.36630327047301198     
   2.0027042089320748       0.36642973004962304     
   2.0134138571081821       0.36655636172259526     
   2.0241235052842894       0.36668316560715736     
   2.0348331534603967       0.36681014181855809     
   2.0455428016365040       0.36693729047206475     
   2.0562524498126113       0.36706461168296206     
   2.0669620979887187       0.36719210556654963     
   2.0776717461648260       0.36731977223815210     
   2.0883813943409337       0.36744761181310548     
   2.0990910425170410       0.36757562440676789     
   2.1098006906931484       0.36770381013451198     
   2.1205103388692557       0.36783216911172906     
   2.1312199870453630       0.36796070145383014     
   2.1419296352214703       0.36808940727624101     
   2.1526392833975776       0.36821828669440598     
   2.1633489315736849       0.36834733982378670     
   2.1740585797497922       0.36847656677986118     
   2.1847682279258995       0.36860596767812304     
   2.1954778761020068       0.36873554263408886     
   2.2061875242781146       0.36886529176328431     
   2.2168971724542219       0.36899521518125777     
   2.2276068206303292       0.36912531300357088     
   2.2383164688064365       0.36925558534580288     
   2.2490261169825438       0.36938603232355111     
   2.2597357651586512       0.36951665405242556     
   2.2704454133347585       0.36964745064805604     
   2.2811550615108658       0.36977842222608820     
   2.2918647096869731       0.36990956890218119     
   2.3025743578630804       0.37004089079201175     
   2.3132840060391877       0.37017238801127500     
   2.3239936542152950       0.37030406067567612     
   2.3347033023914028       0.37043590890094102     
   2.3454129505675101       0.37056793280280986     
   2.3561225987436174       0.37070013249703804     
   2.3668322469197247       0.37083250809939383     
   2.3775418950958320       0.37096505972566568     
   2.3882515432719393       0.37109778749165445     
   2.3989611914480466       0.37123069151317584     
   2.4096708396241540       0.37136377190606101     
   2.4203804878002613       0.37149702878615654     
   2.4310901359763686       0.37163046226932234     
   2.4417997841524759       0.37176407247143567     
   2.4525094323285836       0.37189785950838544     
   2.4632190805046910       0.37203182349607633     
   2.4739287286807983       0.37216596455042877     
   2.4846383768569056       0.37230028278737476     
   2.4953480250330129       0.37243477832286126     
   2.5060576732091202       0.37256945127285163     
   2.5167673213852275       0.37270430175332286     
   2.5274769695613348       0.37283932988025803     
   2.5381866177374421       0.37297453576966660     
   2.5488962659135495       0.37310991953756228     
   2.5596059140896568       0.37324548129997598     
   2.5703155622657645       0.37338122117295203     
   2.5810252104418718       0.37351713927254682     
   2.5917348586179791       0.37365323571483050     
   2.6024445067940865       0.37378951061588683     
   2.6131541549701938       0.37392596409181333     
   2.6238638031463011       0.37406259625871668     
   2.6345734513224084       0.37419940723272194     
   2.6452830994985157       0.37433639712996314     
   2.6559927476746230       0.37447356606658372     
   2.6667023958507303       0.37461091415874920     
   2.6774120440268376       0.37474844152262804     
   2.6881216922029454       0.37488614827440625     
   2.6988313403790527       0.37502403453027994     
   2.7095409885551600       0.37516210040645670     
   2.7202506367312673       0.37530034601915985     
   2.7309602849073746       0.37543877148461874     
   2.7416699330834819       0.37557737691907789     
   2.7523795812595893       0.37571616243879358     
   2.7630892294356966       0.37585512816003308     
   2.7737988776118039       0.37599427419907322     
   2.7845085257879112       0.37613360067220453     
   2.7952181739640185       0.37627310769572764     
   2.8059278221401263       0.37641279538595435     
   2.8166374703162336       0.37655266385920599     
   2.8273471184923409       0.37669271323182041     
   2.8380567666684482       0.37683294362013486     
   2.8487664148445555       0.37697335514050806     
   2.8594760630206628       0.37711394790930608     
   2.8701857111967701       0.37725472204290217     
   2.8808953593728774       0.37739567765768078     
   2.8916050075489848       0.37753681487003954     
   2.9023146557250921       0.37767813379638443     
   2.9130243039011994       0.37781963455313006     
   2.9237339520773071       0.37796131725670129     
   2.9344436002534144       0.37810318202353321     
   2.9451532484295218       0.37824522897007079     
   2.9558628966056291       0.37838745821276759     
   2.9665725447817364       0.37852986986808512     
   2.9772821929578437       0.37867246405249883     
   2.9879918411339510       0.37881524088248536     
   2.9987014893100583       0.37895820047453860     
   3.0094111374861656       0.37910134294515579     
   3.0201207856622729       0.37924466841084448     
   3.0308304338383802       0.37938817698812244     
   3.0415400820144880       0.37953186879350914     
   3.0522497301905953       0.37967574394354203     
   3.0629593783667026       0.37981980255476122     
   3.0736690265428099       0.37996404474371492     
   3.0843786747189172       0.38010847062696240     
   3.0950883228950246       0.38025308032106298     
   3.1057979710711319       0.38039787394259367     
   3.1165076192472392       0.38054285160813350     
   3.1272172674233465       0.38068801343427150     
   3.1379269155994538       0.38083335953759706     
   3.1486365637755611       0.38097889003471758     
   3.1593462119516689       0.38112460504223922     
   3.1700558601277762       0.38127050467677909     
   3.1807655083038835       0.38141658905495862     
   3.1914751564799908       0.38156285829340936     
   3.2021848046560981       0.38170931250876450     
   3.2128944528322054       0.38185595181766802     
   3.2236041010083127       0.38200277633676955     
   3.2343137491844201       0.38214978618272161     
   3.2450233973605274       0.38229698147218616     
   3.2557330455366347       0.38244436232182971     
   3.2664426937127420       0.38259192884832516     
   3.2771523418888493       0.38273968116835083     
   3.2878619900649571       0.38288761939858978     
   3.2985716382410644       0.38303574365573151     
   3.3092812864171717       0.38318405405647110     
   3.3199909345932790       0.38333255071750771     
   3.3307005827693863       0.38348123375554438     
   3.3414102309454936       0.38363010328729241     
   3.3521198791216009       0.38377915942946539     
   3.3628295272977082       0.38392840229878106     
   3.3735391754738155       0.38407783201196349     
   3.3842488236499229       0.38422744868574016     
   3.3949584718260302       0.38437725243684207     
   3.4056681200021379       0.38452724338200511     
   3.4163777681782452       0.38467742163796914     
   3.4270874163543525       0.38482778732147843     
   3.4377970645304599       0.38497834054928093     
   3.4485067127065672       0.38512908143812413     
   3.4592163608826745       0.38528001010476448     
   3.4699260090587818       0.38543112666595675     
   3.4806356572348891       0.38558243123846447     
   3.4913453054109964       0.38573392393904876     
   3.5020549535871037       0.38588560488447793     
   3.5127646017632110       0.38603747419151679     
   3.5234742499393188       0.38618953197694211     
   3.5341838981154261       0.38634177835752359     
   3.5448935462915334       0.38649421345003954     
   3.5556031944676407       0.38664683737126787     
   3.5663128426437480       0.38679965023798779     
   3.5770224908198553       0.38695265216698255     
   3.5877321389959627       0.38710584327503439     
   3.5984417871720700       0.38725922367892951     
   3.6091514353481773       0.38741279349545682     
   3.6198610835242846       0.38756655284139907     
   3.6305707317003919       0.38772050183354989     
   3.6412803798764997       0.38787464058870080     
   3.6519900280526070       0.38802896922363767     
   3.6626996762287143       0.38818348785515605     
   3.6734093244048216       0.38833819660004798     
   3.6841189725809289       0.38849309557510497     
   3.6948286207570362       0.38864818489711994     
   3.7055382689331435       0.38880346468288479     
   3.7162479171092508       0.38895893504919737     
   3.7269575652853582       0.38911459611284466     
   3.7376672134614655       0.38927044799062333     
   3.7483768616375728       0.38942649079932451     
   3.7590865098136805       0.38958272465573951     
   3.7697961579897878       0.38973914967665757     
   3.7805058061658952       0.38989576597887093     
   3.7912154543420025       0.39005257367916829     
   3.8019251025181098       0.39020957289433439     
   3.8126347506942171       0.39036676374115858     
   3.8233443988703244       0.39052414633642285     
   3.8340540470464317       0.39068172079691177     
   3.8447636952225390       0.39083948723940604     
   3.8554733433986463       0.39099744578068535     
   3.8661829915747536       0.39115559653752635     
   3.8768926397508614       0.39131393962670546     
   3.8876022879269687       0.39147247516498923     
   3.8983119361030760       0.39163120326915352     
   3.9090215842791833       0.39179012405596325     
   3.9197312324552906       0.39194923764218259     
   3.9304408806313980       0.39210854414457341     
   3.9411505288075053       0.39226804367989165     
   3.9518601769836126       0.39242773636489331     
   3.9625698251597199       0.39258762231632760     
   3.9732794733358272       0.39274770165094253     
   3.9839891215119345       0.39290797448548104     
   3.9946987696880423       0.39306844093668691     
   4.0054084178641496       0.39322910112128917     
   4.0161180660402565       0.39338995515601938     
   4.0268277142163642       0.39355100315760810     
   4.0375373623924711       0.39371224524277437     
   4.0482470105685788       0.39387368152823449     
   4.0589566587446866       0.39403531213070259     
   4.0696663069207935       0.39419713716688243     
   4.0803759550969012       0.39435915675347838     
   4.0910856032730081       0.39452137100718437     
   4.1017952514491158       0.39468378004469373     
   4.1125048996252227       0.39484638398268901     
   4.1232145478013305       0.39500918293784937     
   4.1339241959774373       0.39517217702684754     
   4.1446338441535451       0.39533536636634986     
   4.1553434923296519       0.39549875107301558     
   4.1660531405057597       0.39566233126349776     
   4.1767627886818675       0.39582610705444510     
   4.1874724368579743       0.39599007856249491     
   4.1981820850340821       0.39615424590428189     
   4.2088917332101889       0.39631860919642886     
   4.2196013813862967       0.39648316855555477     
   4.2303110295624036       0.39664792409826988     
   4.2410206777385113       0.39681287594117653     
   4.2517303259146182       0.39697802420086736     
   4.2624399740907259       0.39714336899393066     
   4.2731496222668328       0.39730891043694383     
   4.2838592704429406       0.39747464864647680     
   4.2945689186190483       0.39764058373908856     
   4.3052785667951552       0.39780671583133331     
   4.3159882149712629       0.39797304503975189     
   4.3266978631473698       0.39813957148087942     
   4.3374075113234776       0.39830629527124112     
   4.3481171594995844       0.39847321652735140     
   4.3588268076756922       0.39864033536571231     
   4.3695364558517991       0.39880765190282313     
   4.3802461040279068       0.39897516625516882     
   4.3909557522040137       0.39914287853922298     
   4.4016654003801214       0.39931078887145161     
   4.4123750485562292       0.39947889736830866     
   4.4230846967323361       0.39964720414623572     
   4.4337943449084438       0.39981570932166927     
   4.4445039930845507       0.39998441301102472     
   4.4552136412606584       0.40015331533071952     
   4.4659232894367653       0.40032241639714505     
   4.4766329376128731       0.40049171632669089     
   4.4873425857889799       0.40066121523573267     
   4.4980522339650877       0.40083091324063252     
   4.5087618821411946       0.40100081045774227     
   4.5194715303173023       0.40117090700340252     
   4.5301811784934101       0.40134120299393394     
   4.5408908266695169       0.40151169854565139     
   4.5516004748456247       0.40168239377485798     
   4.5623101230217316       0.40185328879783727     
   4.5730197711978393       0.40202438373086385     
   4.5837294193739462       0.40219567869019934     
   4.5944390675500539       0.40236717379208747     
   4.6051487157261608       0.40253886915276355     
   4.6158583639022686       0.40271076488844326     
   4.6265680120783754       0.40288286111533250     
   4.6372776602544832       0.40305515794962371     
   4.6479873084305900       0.40322765550748702     
   4.6586969566066978       0.40340035390508555     
   4.6694066047828056       0.40357325325856586     
   4.6801162529589124       0.40374635368405376     
   4.6908259011350202       0.40391965529766810     
   4.7015355493111270       0.40409315821550856     
   4.7122451974872348       0.40426686255365518     
   4.7229548456633417       0.40444076842817522     
   4.7336644938394494       0.40461487595512191     
   4.7443741420155563       0.40478918525053070     
   4.7550837901916641       0.40496369643041613     
   4.7657934383677709       0.40513840961078235     
   4.7765030865438787       0.40531332490761551     
   4.7872127347199864       0.40548844243687998     
   4.7979223828960933       0.40566376231452694     
   4.8086320310722011       0.40583928465648733     
   4.8193416792483079       0.40601500957867659     
   4.8300513274244157       0.40619093719699345     
   4.8407609756005225       0.40636706762731295     
   4.8514706237766303       0.40654340098549785     
   4.8621802719527372       0.40671993738738660     
   4.8728899201288449       0.40689667694880699     
   4.8835995683049518       0.40707361978555995     
   4.8943092164810595       0.40725076601343024     
   4.9050188646571673       0.40742811574818222     
   4.9157285128332742       0.40760566910556495     
   4.9264381610093819       0.40778342620130131     
   4.9371478091854888       0.40796138715109814     
   4.9478574573615965       0.40813955207064173     
   4.9585671055377034       0.40831792107559622     
   4.9692767537138112       0.40849649428160500     
   4.9799864018899180       0.40867527180429747     
   4.9906960500660258       0.40885425375927353     
   5.0014056982421327       0.40903344026211297     
   5.0121153464182404       0.40921283142837656     
   5.0228249945943482       0.40939242737360459     
   5.0335346427704550       0.40957222821331341     
   5.0442442909465628       0.40975223406299799     
   5.0549539391226697       0.40993244503812931     
   5.0656635872987774       0.41011286125415553     
   5.0763732354748843       0.41029348282650907     
   5.0870828836509920       0.41047430987059136     
   5.0977925318270989       0.41065534250177965     
   5.1085021800032067       0.41083658083543767     
   5.1192118281793135       0.41101802498689521     
   5.1299214763554213       0.41119967507146360     
   5.1406311245315290       0.41138153120443077     
   5.1513407727076359       0.41156359350105592     
   5.1620504208837437       0.41174586207657982     
   5.1727600690598505       0.41192833704621340     
   5.1834697172359583       0.41211101852514259     
   5.1941793654120652       0.41229390662853488     
   5.2048890135881729       0.41247700147152694     
   5.2155986617642798       0.41266030316922514     
   5.2263083099403875       0.41284381183672086     
   5.2370179581164944       0.41302752758907441     
   5.2477276062926022       0.41321145054131714     
   5.2584372544687099       0.41339558080845901     
   5.2691469026448168       0.41357991850547843     
   5.2798565508209245       0.41376446374732978     
   5.2905661989970314       0.41394921664894235     
   5.3012758471731392       0.41413417732521424     
   5.3119854953492460       0.41431934589101699     
   5.3226951435253538       0.41450472246119063     
   5.3334047917014606       0.41469030715055782     
   5.3441144398775684       0.41487610007390124     
   5.3548240880536753       0.41506210134598442     
   5.3655337362297830       0.41524831108153487     
   5.3762433844058908       0.41543472939525550     
   5.3869530325819976       0.41562135640181569     
   5.3976626807581054       0.41580819221586240     
   5.4083723289342123       0.41599523695200835     
   5.4190819771103200       0.41618249072483143     
   5.4297916252864269       0.41636995364888907     
   5.4405012734625346       0.41655762583870359     
   5.4512109216386415       0.41674550740876803     
   5.4619205698147493       0.41693359847354194     
   5.4726302179908561       0.41712189914745695     
   5.4833398661669639       0.41731040954491300     
   5.4940495143430716       0.41749912978027215     
   5.5047591625191785       0.41768805996787661     
   5.5154688106952863       0.41787720022202574     
   5.5261784588713931       0.41806655065698989     
   5.5368881070475009       0.41825611138701285     
   5.5475977552236078       0.41844588252629522     
   5.5583074033997155       0.41863586418901216     
   5.5690170515758224       0.41882605648930454     
   5.5797266997519301       0.41901645954127575     
   5.5904363479280370       0.41920707345899738     
   5.6011459961041448       0.41939789835651031     
   5.6118556442802525       0.41958893434781802     
   5.6225652924563594       0.41978018154688901     
   5.6332749406324671       0.41997164006766330     
   5.6439845888085740       0.42016331002403179     
   5.6546942369846818       0.42035519152986878     
   5.6654038851607886       0.42054728469899455     
   5.6761135333368964       0.42073958964520708     
   5.6868231815130033       0.42093210648226581     
   5.6975328296891110       0.42112483532388650     
   5.7082424778652179       0.42131777628375705     
   5.7189521260413256       0.42151092947552665     
   5.7296617742174334       0.42170429501280171     
   5.7403714223935403       0.42189787300916232     
   5.7510810705696480       0.42209166357813915     
   5.7617907187457549       0.42228566683323177     
   5.7725003669218626       0.42247988288790134     
   5.7832100150979695       0.42267431185556764     
   5.7939196632740773       0.42286895384961609     
   5.8046293114501841       0.42306380898339241     
   5.8153389596262919       0.42325887737020007     
   5.8260486078023987       0.42345415912330681     
   5.8367582559785065       0.42364965435593821     
   5.8474679041546143       0.42384536318127874     
   5.8581775523307211       0.42404128571248051     
   5.8688872005068289       0.42423742206264281     
   5.8795968486829358       0.42443377234483420     
   5.8903064968590435       0.42463033667208389     
   5.9010161450351504       0.42482711515736660     
   5.9117257932112581       0.42502410791363321     
   5.9224354413873650       0.42522131505377864     
   5.9331450895634728       0.42541873669065988     
   5.9438547377395796       0.42561637293709609     
   5.9545643859156874       0.42581422390585666     
   5.9652740340917951       0.42601228970967880     
   5.9759836822679020       0.42621057046124788     
   5.9866933304440098       0.42640906627320213     
   5.9974029786201166       0.42660777725814469     
   6.0081126267962244       0.42680670352863626     
   6.0188222749723312       0.42700584519718626     
   6.0295319231484390       0.42720520237626347     
   6.0402415713245459       0.42740477517828745     
   6.0509512195006536       0.42760456371564226     
   6.0616608676767605       0.42780456810065531     
   6.0723705158528682       0.42800478844561785     
   6.0830801640289760       0.42820522486276963     
   6.0937898122050829       0.42840587746430453     
   6.1044994603811906       0.42860674636237422     
   6.1152091085572975       0.42880783166908021     
   6.1259187567334052       0.42900913349647557     
   6.1366284049095121       0.42921065195657260     
   6.1473380530856199       0.42941238716132479     
   6.1580477012617267       0.42961433922264947     
   6.1687573494378345       0.42981650825241413     
   6.1794669976139414       0.43001889436242430     
   6.1901766457900491       0.43022149766445783     
   6.2008862939661569       0.43042431827022981     
   6.2115959421422637       0.43062735629140492     
   6.2223055903183715       0.43083061183960331     
   6.2330152384944784       0.43103408502640100     
   6.2437248866705861       0.43123777596331181     
   6.2544345348466930       0.43144168476180794     
   6.2651441830228007       0.43164581153330334     
   6.2758538311989076       0.43185015638916652     
   6.2865634793750154       0.43205471944071566     
   6.2972731275511222       0.43225950079921205     
   6.3079827757272300       0.43246450057586855     
   6.3186924239033377       0.43266971888184802     
   6.3294020720794446       0.43287515582825320     
   6.3401117202555524       0.43308081152614286     
   6.3508213684316592       0.43328668608651577     
   6.3615310166077670       0.43349277962031818     
   6.3722406647838739       0.43369909223844938     
   6.3829503129599816       0.43390562405174637     
   6.3936599611360885       0.43411237517099488     
   6.4043696093121962       0.43431934570692288     
   6.4150792574883031       0.43452653577021855     
   6.4257889056644109       0.43473394547149352     
   6.4364985538405177       0.43494157492130758     
   6.4472082020166255       0.43514942423017983     
   6.4579178501927332       0.43535749350856567     
   6.4686274983688401       0.43556578286684816     
   6.4793371465449479       0.43577429241538251     
   6.4900467947210547       0.43598302226444324     
   6.5007564428971625       0.43619197252425662     
   6.5114660910732693       0.43640114330499102     
   6.5221757392493771       0.43661053471675704     
   6.5328853874254840       0.43682014686960380     
   6.5435950356015917       0.43702997987352721     
   6.5543046837776986       0.43724003383845489     
   6.5650143319538063       0.43745030887426622     
   6.5757239801299141       0.43766080509077371     
   6.5864336283060210       0.43787152259773154     
   6.5971432764821287       0.43808246150483210     
   6.6078529246582356       0.43829362192171312     
   6.6185625728343433       0.43850500395794306     
   6.6292722210104502       0.43871660772303461     
   6.6399818691865580       0.43892843332643611     
   6.6506915173626648       0.43914048087754254     
   6.6614011655387726       0.43935275048566852     
   6.6721108137148795       0.43956524226008270     
   6.6828204618909872       0.43977795630998751     
   6.6935301100670950       0.43999089274450898     
   6.7042397582432018       0.44020405167273041     
   6.7149494064193096       0.44041743320366028     
   6.7256590545954165       0.44063103744623972     
   6.7363687027715242       0.44084486450934779     
   6.7470783509476311       0.44105891450180801     
   6.7577879991237388       0.44127318753236278     
   6.7684976472998457       0.44148768370969987     
   6.7792072954759535       0.44170240314243803     
   6.7899169436520603       0.44191734593913057     
   6.8006265918281681       0.44213251220825783     
   6.8113362400042758       0.44234790205824198     
   6.8220458881803827       0.44256351559743939     
   6.8327555363564905       0.44277935293412651     
   6.8434651845325973       0.44299541417652655     
   6.8541748327087051       0.44321169943278227     
   6.8648844808848120       0.44342820881097483     
   6.8755941290609197       0.44364494241911295     
   6.8863037772370266       0.44386190036513984     
   6.8970134254131343       0.44407908275692315     
   6.9077230735892412       0.44429648970226832     
   6.9184327217653490       0.44451412130889761     
   6.9291423699414567       0.44473197768447936     
   6.9398520181175636       0.44495005893660139     
   6.9505616662936713       0.44516836517277580     
   6.9612713144697782       0.44538689650045260     
   6.9719809626458860       0.44560565302700589     
   6.9826906108219928       0.44582463485973245     
   6.9934002589981006       0.44604384210586157     
   7.0041099071742074       0.44626327487254908     
   7.0148195553503152       0.44648293326687549     
   7.0255292035264221       0.44670281739585166     
   7.0362388517025298       0.44692292736640199     
   7.0469484998786376       0.44714326328538978     
   7.0576581480547445       0.44736382525959972     
   7.0683677962308522       0.44758461339573541     
   7.0790774444069591       0.44780562780043476     
   7.0897870925830668       0.44802686858024438     
   7.1004967407591737       0.44824833584165263     
   7.1112063889352815       0.44847002969105754     
   7.1219160371113883       0.44869195023478420     
   7.1326256852874961       0.44891409757908379     
   7.1433353334636029       0.44913647183012156     
   7.1540449816397107       0.44935907309398926     
   7.1647546298158185       0.44958190147670313     
   7.1754642779919253       0.44980495708419177     
   7.1861739261680331       0.45002824002230662     
   7.1968835743441399       0.45025175039683379     
   7.2075932225202477       0.45047548831345680     
   7.2183028706963546       0.45069945387779392     
   7.2290125188724623       0.45092364719537464     
   7.2397221670485692       0.45114806837164845     
   7.2504318152246769       0.45137271751198421     
   7.2611414634007838       0.45159759472167643     
   7.2718511115768916       0.45182270010592396     
   7.2825607597529993       0.45204803376984137     
   7.2932704079291062       0.45227359581848098     
   7.3039800561052139       0.45249938635678805     
   7.3146897042813208       0.45272540548963608     
   7.3253993524574286       0.45295165332181081     
   7.3361090006335354       0.45317812995800733     
   7.3468186488096432       0.45340483550285132     
   7.3575282969857501       0.45363177006086652     
   7.3682379451618578       0.45385893373649860     
   7.3789475933379647       0.45408632663410936     
   7.3896572415140724       0.45431394885796217     
   7.4003668896901802       0.45454180051225107     
   7.4110765378662871       0.45476988170106519     
   7.4217861860423948       0.45499819252841101     
   7.4324958342185017       0.45522673309820905     
   7.4432054823946094       0.45545550351429392     
   7.4539151305707163       0.45568450388040299     
   7.4646247787468241       0.45591373430019316     
   7.4753344269229309       0.45614319487722110     
   7.4860440750990387       0.45637288571495566     
   7.4967537232751456       0.45660280691678912     
   7.5074633714512533       0.45683295858600731     
   7.5181730196273611       0.45706334082579508     
   7.5288826678034679       0.45729395373927378     
   7.5395923159795757       0.45752479742945062     
   7.5503019641556826       0.45775587199924678     
   7.5610116123317903       0.45798717755148532     
   7.5717212605078972       0.45821871418889870     
   7.5824309086840049       0.45845048201413502     
   7.5931405568601118       0.45868248112973370     
   7.6038502050362196       0.45891471163813691     
   7.6145598532123264       0.45914717364171032     
   7.6252695013884342       0.45937986724270591     
   7.6359791495645419       0.45961279254328391     
   7.6466887977406488       0.45984594964551273     
   7.6573984459167566       0.46007933865136380     
   7.6681080940928634       0.46031295966270069     
   7.6788177422689712       0.46054681278129395     
   7.6895273904450780       0.46078089810883072     
   7.7002370386211858       0.46101521574688137     
   7.7109466867972927       0.46124976579691335     
   7.7216563349734004       0.46148454836031333     
   7.7323659831495073       0.46171956353834687     
   7.7430756313256150       0.46195481143220146     
   7.7537852795017228       0.46219029214294483     
   7.7644949276778297       0.46242600577155119     
   7.7752045758539374       0.46266195241889524     
   7.7859142240300443       0.46289813218574255     
   7.7966238722061521       0.46313454517276120     
   7.8073335203822589       0.46337119148051192     
   7.8180431685583667       0.46360807120946329     
   7.8287528167344735       0.46384518445996042     
   7.8394624649105813       0.46408253133225619     
   7.8501721130866882       0.46432011192649897     
   7.8608817612627959       0.46455792634273080     
   7.8715914094389037       0.46479597468088180     
   7.8823010576150105       0.46503425704078355     
   7.8930107057911183       0.46527277352216001     
   7.9037203539672252       0.46551152422462233     
   7.9144300021433329       0.46575050924767292     
   7.9251396503194398       0.46598972869072197     
   7.9358492984955475       0.46622918265304542     
   7.9465589466716544       0.46646887123384073     
   7.9572685948477622       0.46670879453216207     
   7.9679782430238690       0.46694895264698300     
   7.9786878911999768       0.46718934567714737     
   7.9893975393760845       0.46742997372140022     
   8.0001071875521923       0.46767083687836664     
   8.0108168357282992       0.46791193524657032     
   8.0215264839044060       0.46815326892440717     
   8.0322361320805129       0.46839483801017001     
   8.0429457802566215       0.46863664260203985     
   8.0536554284327284       0.46887868279808803     
   8.0643650766088353       0.46912095869625514     
   8.0750747247849421       0.46936347039438248     
   8.0857843729610508       0.46960621799018454     
   8.0964940211371577       0.46984920158127375     
   8.1072036693132645       0.47009242126514006     
   8.1179133174893732       0.47033587713914882     
   8.1286229656654800       0.47057956930056660     
   8.1393326138415869       0.47082349784651673     
   8.1500422620176938       0.47106766287402840     
   8.1607519101938024       0.47131206448000323     
   8.1714615583699093       0.47155670276122397     
   8.1821712065460162       0.47180157781434540     
   8.1928808547221230       0.47204668973592279     
   8.2035905028982317       0.47229203862236996     
   8.2143001510743385       0.47253762456999254     
   8.2250097992504454       0.47278344767496888     
   8.2357194474265540       0.47302950803336175     
   8.2464290956026609       0.47327580574110117     
   8.2571387437787678       0.47352234089399342     
   8.2678483919548746       0.47376911358774260     
   8.2785580401309833       0.47401612391790904     
   8.2892676883070902       0.47426337197993157     
   8.2999773364831970       0.47451085786912550     
   8.3106869846593039       0.47475858168068596     
   8.3213966328354125       0.47500654350967558     
   8.3321062810115194       0.47525474345102736     
   8.3428159291876263       0.47550318159956084     
   8.3535255773637349       0.47575185804995529     
   8.3642352255398418       0.47600077289676801     
   8.3749448737159486       0.47624992623442375     
   8.3856545218920555       0.47649931815722280     
   8.3963641700681642       0.47674894875933721     
   8.4070738182442710       0.47699881813480455     
   8.4177834664203779       0.47724892637752425     
   8.4284931145964848       0.47749927358128347     
   8.4392027627725934       0.47774985983972040     
   8.4499124109487003       0.47800068524635603     
   8.4606220591248071       0.47825174989456365     
   8.4713317073009158       0.47850305387759368     
   8.4820413554770226       0.47875459728856617     
   8.4927510036531295       0.47900638022044767     
   8.5034606518292364       0.47925840276609155     
   8.5141703000053450       0.47951066501820905     
   8.5248799481814519       0.47976316706936251     
   8.5355895963575588       0.48001590901200197     
   8.5462992445336656       0.48026889093842573     
   8.5570088927097743       0.48052211294078762     
   8.5677185408858811       0.48077557511111663     
   8.5784281890619880       0.48102927754130947     
   8.5891378372380967       0.48128322032309384     
   8.5998474854142035       0.48153740354809499     
   8.6105571335903104       0.48179182730777287     
   8.6212667817664173       0.48204649169345570     
   8.6319764299425259       0.48230139679632344     
   8.6426860781186328       0.48255654270742526     
   8.6533957262947396       0.48281192951766949     
   8.6641053744708465       0.48306755731779444     
   8.6748150226469551       0.48332342619843294     
   8.6855246708230620       0.48357953625005140     
   8.6962343189991689       0.48383588756297280     
   8.7069439671752775       0.48409248022738011     
   8.7176536153513844       0.48434931433331224     
   8.7283632635274913       0.48460638997064609     
   8.7390729117035981       0.48486370722913930     
   8.7497825598797068       0.48512126619838303     
   8.7604922080558136       0.48537906696781674     
   8.7712018562319205       0.48563710962673962     
   8.7819115044080274       0.48589539426431072     
   8.7926211525841360       0.48615392096952548     
   8.8033308007602429       0.48641268983123087     
   8.8140404489363497       0.48667170093812107     
   8.8247500971124584       0.48693095437875139     
   8.8354597452885653       0.48719045024151209     
   8.8461693934646721       0.48745018861464945     
   8.8568790416407790       0.48771016958624852     
   8.8675886898168876       0.48797039324424601     
   8.8782983379929945       0.48823085967642854     
   8.8890079861691014       0.48849156897041601     
   8.8997176343452082       0.48875252121368362     
   8.9104272825213169       0.48901371649353842     
   8.9211369306974238       0.48927515489714790     
   8.9318465788735306       0.48953683651150781     
   8.9425562270496393       0.48979876142346457     
   8.9532658752257461       0.49006092971969700     
   8.9639755234018530       0.49032334148673690     
   8.9746851715779599       0.49058599681094750     
   8.9853948197540685       0.49084889577853275     
   8.9961044679301754       0.49111203847553608     
   9.0068141161062822       0.49137542498784775     
   9.0175237642823891       0.49163905540118152     
   9.0282334124584978       0.49190292980109251     
   9.0389430606346046       0.49216704827299096     
   9.0496527088107115       0.49243141090209835     
   9.0603623569868201       0.49269601777347966     
   9.0710720051629270       0.49296086897203234     
   9.0817816533390339       0.49322596458249679     
   9.0924913015151407       0.49349130468944524     
   9.1032009496912494       0.49375688937728651     
   9.1139105978673562       0.49402271873024300     
   9.1246202460434631       0.49428879283237814     
   9.1353298942195700       0.49455511176759653     
   9.1460395423956786       0.49482167561962948     
   9.1567491905717855       0.49508848447202447     
   9.1674588387478924       0.49535553840817609     
   9.1781684869239992       0.49562283751129665     
   9.1888781351001079       0.49589038186443768     
   9.1995877832762147       0.49615817155045716     
   9.2102974314523216       0.49642620665205167     
   9.2210070796284302       0.49669448725177157     
   9.2317167278045371       0.49696301343192972     
   9.2424263759806440       0.49723178527472872     
   9.2531360241567508       0.49750080286214093     
   9.2638456723328595       0.49777006627601034     
   9.2745553205089664       0.49803957559794815     
   9.2852649686850732       0.49830933090947210     
   9.2959746168611801       0.49857933229182805     
   9.3066842650372887       0.49884957982614497     
   9.3173939132133956       0.49912007359333810     
   9.3281035613895025       0.49939081367415922     
   9.3388132095656111       0.49966180014917239     
   9.3495228577417180       0.49993303309876969     
   9.3602325059178249       0.50020451260315713     
   9.3709421540939317       0.50047623874234537     
   9.3816518022700404       0.50074821159617433     
   9.3923614504461472       0.50102043124429196     
   9.4030710986222541       0.50129289776617758     
   9.4137807467983610       0.50156561124108734     
   9.4244903949744696       0.50183857174813429     
   9.4352000431505765       0.50211177936621743     
   9.4459096913266833       0.50238523417406167     
   9.4566193395027920       0.50265893625018854     
   9.4673289876788989       0.50293288567293370     
   9.4780386358550057       0.50320708252047008     
   9.4887482840311126       0.50348152687073977     
   9.4994579322072212       0.50375621880152266     
   9.5101675803833281       0.50403115839039003     
   9.5208772285594350       0.50430634571473176     
   9.5315868767355418       0.50458178085172101     
   9.5422965249116505       0.50485746387838504     
   9.5530061730877573       0.50513339487148112     
   9.5637158212638642       0.50540957390766272     
   9.5744254694399729       0.50568600106331263     
   9.5851351176160797       0.50596267641465387     
   9.5958447657921866       0.50623960003770785     
   9.6065544139682935       0.50651677200827638     
   9.6172640621444021       0.50679419240200207     
   9.6279737103205090       0.50707186129426851     
   9.6386833584966158       0.50734977876031695     
   9.6493930066727227       0.50762794487516893     
   9.6601026548488313       0.50790635971362608     
   9.6708123030249382       0.50818502335031923     
   9.6815219512010451       0.50846393585963501     
   9.6922315993771537       0.50874309731579059     
   9.7029412475532606       0.50902250779278280     
   9.7136508957293675       0.50930216736442380     
   9.7243605439054743       0.50958207610426798     
   9.7350701920815830       0.50986223408573272     
   9.7457798402576898       0.51014264138195120     
   9.7564894884337967       0.51042329806593090     
   9.7671991366099036       0.51070420421039775     
   9.7779087847860122       0.51098535988791682     
   9.7886184329621191       0.51126676517080694     
   9.7993280811382260       0.51154842013121005     
   9.8100377293143346       0.51183032484102364     
   9.8207473774904415       0.51211247937194893     
   9.8314570256665483       0.51239488379546916     
   9.8421666738426552       0.51267753818286232     
   9.8528763220187638       0.51296044260518625     
   9.8635859701948707       0.51324359713326217     
   9.8742956183709776       0.51352700183772693     
   9.8850052665470844       0.51381065678898441     
   9.8957149147231931       0.51409456205721005     
   9.9064245628993000       0.51437871771238808     
   9.9171342110754068       0.51466312382425716     
   9.9278438592515155       0.51494778046233602     
   9.9385535074276223       0.51523268769595043     
   9.9492631556037292       0.51551784559413627     
   9.9599728037798361       0.51580325422582318     
   9.9706824519559447       0.51608891365958875     
   9.9813921001320516       0.51637482396387679     
   9.9921017483081584       0.51666098520687664     
   10.002811396484265       0.51694739745652407     
   10.013521044660374       0.51723406078056500     
   10.024230692836481       0.51752097524653351     
   10.034940341012588       0.51780814092164540     
   10.045649989188696       0.51809555787298767     
   10.056359637364803       0.51838322616737254     
   10.067069285540910       0.51867114587137220     
   10.077778933717017       0.51895931705136256     
   10.088488581893126       0.51924773977349381     
   10.099198230069232       0.51953641410358131     
   10.109907878245339       0.51982534010731607     
   10.120617526421446       0.52011451785014340     
   10.131327174597555       0.52040394739721041     
   10.142036822773662       0.52069362881345560     
   10.152746470949769       0.52098356216363340     
   10.163456119125877       0.52127374751219602     
   10.174165767301984       0.52156418492335421     
   10.184875415478091       0.52185487446113188     
   10.195585063654198       0.52214581618927203     
   10.206294711830306       0.52243701017126509     
   10.217004360006413       0.52272845647040345     
   10.227714008182520       0.52302015514965605     
   10.238423656358627       0.52331210627190172     
   10.249133304534736       0.52360430989958318     
   10.259842952710843       0.52389676609502900     
   10.270552600886949       0.52418947492029777     
   10.281262249063058       0.52448243643713577     
   10.291971897239165       0.52477565070710330     
   10.302681545415272       0.52506911779156251     
   10.313391193591379       0.52536283775148773     
   10.324100841767487       0.52565681064767833     
   10.334810489943594       0.52595103654072084     
   10.345520138119701       0.52624551549081000     
   10.356229786295808       0.52654024755809137     
   10.366939434471917       0.52683523280229960     
   10.377649082648023       0.52713047128298951     
   10.388358730824130       0.52742596305941136     
   10.399068379000239       0.52772170819053277     
   10.409778027176346       0.52801770673517723     
   10.420487675352453       0.52831395875180720     
   10.431197323528560       0.52861046429867042     
   10.441906971704668       0.52890722343376761     
   10.452616619880775       0.52920423621473212     
   10.463326268056882       0.52950150269907792     
   10.474035916232989       0.52979902294404491     
   10.484745564409097       0.53009679700643320     
   10.495455212585204       0.53039482494298706     
   10.506164860761311       0.53069310681010207     
   10.516874508937420       0.53099164266383148     
   10.527584157113527       0.53129043256002395     
   10.538293805289634       0.53158947655442024     
   10.549003453465740       0.53188877470216811     
   10.559713101641849       0.53218832705842622     
   10.570422749817956       0.53248813367785142     
   10.581132397994063       0.53278819461516169     
   10.591842046170170       0.53308850992432799     
   10.602551694346278       0.53338907965946003     
   10.613261342522385       0.53368990387407989     
   10.623970990698492       0.53399098262188627     
   10.634680638874601       0.53429231595569981     
   10.645390287050708       0.53459390392858552     
   10.656099935226814       0.53489574659305028     
   10.666809583402921       0.53519784400112935     
   10.677519231579030       0.53550019620507527     
   10.688228879755137       0.53580280325605478     
   10.698938527931244       0.53610566520727543     
