   0.0000000000000000      -0.49872362906400525     
  1.16592872928740696E-002 -0.49893109251974488     
  2.33185745857481391E-002 -0.49913853238386369     
  3.49778618786222087E-002 -0.49934594849619224     
  4.66371491714962783E-002 -0.49955334069634949     
  5.82964364643703478E-002 -0.49976070882374324     
  6.99557237572444174E-002 -0.49996805271756922     
  8.16150110501184800E-002 -0.50017537221681219     
  9.32742983429925565E-002 -0.50038266716024404     
  0.10493358563586663      -0.50058993738642521     
  0.11659287292874070      -0.50079718273370333     
  0.12825216022161476      -0.50100440304021343     
  0.13991144751448883      -0.50121159814387872     
  0.15157073480736291      -0.50141876788240836     
  0.16323002210023696      -0.50162591209329976     
  0.17488930939311104      -0.50183303061383566     
  0.18654859668598511      -0.50204012328108694     
  0.19820788397885919      -0.50224718993190909     
  0.20986717127173327      -0.50245423040294601     
  0.22152645856460731      -0.50266124453062566     
  0.23318574585748139      -0.50286823215116339     
  0.24484503315035547      -0.50307519310055915     
  0.25650432044322952      -0.50328212721459920     
  0.26816360773610359      -0.50348903432885439     
  0.27982289502897767      -0.50369591427868199     
  0.29148218232185175      -0.50390276689922275     
  0.30314146961472582      -0.50410959202540351     
  0.31480075690759990      -0.50431638949193480     
  0.32646004420047392      -0.50452315913331258     
  0.33811933149334800      -0.50472990078381574     
  0.34977861878622207      -0.50493661427750891     
  0.36143790607909615      -0.50514329944823966     
  0.37309719337197023      -0.50534995612963973     
  0.38475648066484430      -0.50555658415512383     
  0.39641576795771838      -0.50576318335789050     
  0.40807505525059246      -0.50596975357092167     
  0.41973434254346653      -0.50617629462698255     
  0.43139362983634055      -0.50638280635862010     
  0.44305291712921463      -0.50658928859816532     
  0.45471220442208871      -0.50679574117773085     
  0.46637149171496278      -0.50700216392921205     
  0.47803077900783686      -0.50720855668428677     
  0.48969006630071094      -0.50741491927441396     
  0.50134935359358501      -0.50762125153083526     
  0.51300864088645903      -0.50782755328457374     
  0.52466792817933317      -0.50803382436643341     
  0.53632721547220719      -0.50824006460700044     
  0.54798650276508132      -0.50844627383664187     
  0.55964579005795534      -0.50865245188550512     
  0.57130507735082936      -0.50885859858351878     
  0.58296436464370349      -0.50906471376039231     
  0.59462365193657751      -0.50927079724561575     
  0.60628293922945165      -0.50947684886845879     
  0.61794222652232567      -0.50968286845797073     
  0.62960151381519980      -0.50988885584298260     
  0.64126080110807382      -0.51009481085210351     
  0.65292008840094784      -0.51030073331372272     
  0.66457937569382197      -0.51050662305600925     
  0.67623866298669599      -0.51071247990691060     
  0.68789795027957013      -0.51091830369415381     
  0.69955723757244415      -0.51112409424524496     
  0.71121652486531828      -0.51132985138746778     
  0.72287581215819230      -0.51153557494788604     
  0.73453509945106643      -0.51174126475334136     
  0.74619438674394045      -0.51194692063045266     
  0.75785367403681447      -0.51215254240561781     
  0.76951296132968861      -0.51235812990501217     
  0.78117224862256263      -0.51256368295458909     
  0.79283153591543676      -0.51276920138007909     
  0.80449082320831078      -0.51297468500699017     
  0.81615011050118491      -0.51318013366060733     
  0.82780939779405893      -0.51338554716599294     
  0.83946868508693306      -0.51359092534798589     
  0.85112797237980709      -0.51379626803120171     
  0.86278725967268111      -0.51400157504003263     
  0.87444654696555524      -0.51420684619864698     
  0.88610583425842926      -0.51441208133098892     
  0.89776512155130339      -0.51461728026077969     
  0.90942440884417741      -0.51482244281151490     
  0.92108369613705154      -0.51502756880646716     
  0.93274298342992557      -0.51523265806868379     
  0.94440227072279959      -0.51543771042098718     
  0.95606155801567372      -0.51564272568597513     
  0.96772084530854774      -0.51584770368602073     
  0.97938013260142187      -0.51605264424327169     
  0.99103941989429589      -0.51625754717964989     
   1.0026987071871700      -0.51646241231685208     
   1.0143579944800440      -0.51666723947634996     
   1.0260172817729181      -0.51687202847938718     
   1.0376765690657921      -0.51707677914698447     
   1.0493358563586663      -0.51728149129993317     
   1.0609951436515404      -0.51748616475880116     
   1.0726544309444144      -0.51769079934392725     
   1.0843137182372884      -0.51789539487542502     
   1.0959730055301626      -0.51809995117318097     
   1.1076322928230367      -0.51830446805685415     
   1.1192915801159107      -0.51850894534587677     
   1.1309508674087847      -0.51871338285945379     
   1.1426101547016587      -0.51891778041656222     
   1.1542694419945330      -0.51912213783595129     
   1.1659287292874070      -0.51932645493614304     
   1.1775880165802810      -0.51953073153543083     
   1.1892473038731550      -0.51973496745188008     
   1.2009065911660293      -0.51993916250332750     
   1.2125658784589033      -0.52014331650738199     
   1.2242251657517773      -0.52034742928142330     
   1.2358844530446513      -0.52055150064260214     
   1.2475437403375254      -0.52075553040784084     
   1.2592030276303996      -0.52095951839383203     
   1.2708623149232736      -0.52116346441703898     
   1.2825216022161476      -0.52136736829369568     
   1.2941808895090217      -0.52157122983980653     
   1.3058401768018957      -0.52177504887114590     
   1.3174994640947699      -0.52197882520325822     
   1.3291587513876439      -0.52218255865145780     
   1.3408180386805180      -0.52238624903082831     
   1.3524773259733920      -0.52258989615622387     
   1.3641366132662662      -0.52279349984226742     
   1.3757959005591403      -0.52299705990335033     
   1.3874551878520143      -0.52320057615363402     
   1.3991144751448883      -0.52340404840704913     
   1.4107737624377623      -0.52360747647729344     
   1.4224330497306366      -0.52381086017783529     
   1.4340923370235106      -0.52401419932190962     
   1.4457516243163846      -0.52421749372252069     
   1.4574109116092586      -0.52442074319244059     
   1.4690701989021329      -0.52462394754420916     
   1.4807294861950069      -0.52482710659013465     
   1.4923887734878809      -0.52503022014229217     
   1.5040480607807549      -0.52523328801252489     
   1.5157073480736289      -0.52543631001244206     
   1.5273666353665032      -0.52563928595342224     
   1.5390259226593772      -0.52584221564660882     
   1.5506852099522512      -0.52604509890291329     
   1.5623444972451253      -0.52624793553301363     
   1.5740037845379995      -0.52645072534735404     
   1.5856630718308735      -0.52665346815614444     
   1.5973223591237475      -0.52685616376936328     
   1.6089816464166216      -0.52705881199675220     
   1.6206409337094956      -0.52726141264782089     
   1.6323002210023698      -0.52746396553184327     
   1.6439595082952438      -0.52766647045786053     
   1.6556187955881179      -0.52786892723467715     
   1.6672780828809919      -0.52807133567086484     
   1.6789373701738661      -0.52827369557475934     
   1.6905966574667401      -0.52847600675446205     
   1.7022559447596142      -0.52867826901783799     
   1.7139152320524882      -0.52888048217251837     
   1.7255745193453622      -0.52908264602589794     
   1.7372338066382365      -0.52928476038513650     
   1.7488930939311105      -0.52948682505715727     
   1.7605523812239845      -0.52968883984864812     
   1.7722116685168585      -0.52989080456606075     
   1.7838709558097325      -0.53009271901561006     
   1.7955302431026068      -0.53029458300327570     
   1.8071895303954808      -0.53049639633479961     
   1.8188488176883548      -0.53069815881568783     
   1.8305081049812288      -0.53089987025120899     
   1.8421673922741031      -0.53110153044639541     
   1.8538266795669771      -0.53130313920604122     
   1.8654859668598511      -0.53150469633470476     
   1.8771452541527252      -0.53170620163670590     
   1.8888045414455992      -0.53190765491612690     
   1.9004638287384734      -0.53210905597681268     
   1.9121231160313474      -0.53231040462236978     
   1.9237824033242215      -0.53251170065616782     
   1.9354416906170955      -0.53271294388133694     
   1.9471009779099697      -0.53291413410076993     
   1.9587602652028437      -0.53311527111712054     
   1.9704195524957178      -0.53331635473280437     
   1.9820788397885918      -0.53351738474999744     
   1.9937381270814658      -0.53371836097063807     
   2.0053974143743400      -0.53391928319642457     
   2.0170567016672138      -0.53412015122881684     
   2.0287159889600881      -0.53432096486903424     
   2.0403752762529623      -0.53452172391805852     
   2.0520345635458361      -0.53472242817663029     
   2.0636938508387104      -0.53492307744525025     
   2.0753531381315842      -0.53512367152418117     
   2.0870124254244584      -0.53532421021344334     
   2.0986717127173327      -0.53552469331281849     
   2.1103310000102065      -0.53572512062184718     
   2.1219902873030807      -0.53592549193983019     
   2.1336495745959549      -0.53612580706582746     
   2.1453088618888287      -0.53632606579865738     
   2.1569681491817030      -0.53652626793689862     
   2.1686274364745768      -0.53672641327888848     
   2.1802867237674510      -0.53692650162272260     
   2.1919460110603253      -0.53712653276625644     
   2.2036052983531991      -0.53732650650710245     
   2.2152645856460733      -0.53752642264263284     
   2.2269238729389471      -0.53772628096997710     
   2.2385831602318214      -0.53792608128602393     
   2.2502424475246956      -0.53812582338741910     
   2.2619017348175694      -0.53832550707056692     
   2.2735610221104436      -0.53852513213162923     
   2.2852203094033174      -0.53872469836652492     
   2.2968795966961917      -0.53892420557093101     
   2.3085388839890659      -0.53912365354028169     
   2.3201981712819397      -0.53932304206976889     
   2.3318574585748140      -0.53952237095434019     
   2.3435167458676878      -0.53972163998870160     
   2.3551760331605620      -0.53992084896731474     
   2.3668353204534363      -0.54011999768439900     
   2.3784946077463101      -0.54031908593392963     
   2.3901538950391843      -0.54051811350963841     
   2.4018131823320585      -0.54071708020501275     
   2.4134724696249323      -0.54091598581329747     
   2.4251317569178066      -0.54111483012749284     
   2.4367910442106804      -0.54131361294035441     
   2.4484503315035546      -0.54151233404439447     
   2.4601096187964289      -0.54171099323187999     
   2.4717689060893027      -0.54190959029483465     
   2.4834281933821769      -0.54210812502503603     
   2.4950874806750507      -0.54230659721401764     
   2.5067467679679249      -0.54250500665306867     
   2.5184060552607992      -0.54270335313323204     
   2.5300653425536730      -0.54290163644530676     
   2.5417246298465472      -0.54309985637984548     
   2.5533839171394210      -0.54329801272715672     
   2.5650432044322953      -0.54349610527730186     
   2.5767024917251695      -0.54369413382009779     
   2.5883617790180433      -0.54389209814511530     
   2.6000210663109176      -0.54408999804167957     
   2.6116803536037914      -0.54428783329886909     
   2.6233396408966656      -0.54448560370551680     
   2.6349989281895398      -0.54468330905020923     
   2.6466582154824136      -0.54488094912128582     
   2.6583175027752879      -0.54507852370684085     
   2.6699767900681621      -0.54527603259472057     
   2.6816360773610359      -0.54547347557252568     
   2.6932953646539102      -0.54567085242760893     
   2.7049546519467840      -0.54586816294707696     
   2.7166139392396582      -0.54606540691778904     
   2.7282732265325325      -0.54626258412635620     
   2.7399325138254063      -0.54645969435914366     
   2.7515918011182805      -0.54665673740226817     
   2.7632510884111543      -0.54685371304159935     
   2.7749103757040285      -0.54705062106275881     
   2.7865696629969028      -0.54724746125112034     
   2.7982289502897766      -0.54744423339181048     
   2.8098882375826508      -0.54764093726970609     
   2.8215475248755246      -0.54783757266943744     
   2.8332068121683989      -0.54803413937538614     
   2.8448660994612731      -0.54823063717168496     
   2.8565253867541469      -0.54842706584221790     
   2.8681846740470212      -0.54862342517062157     
   2.8798439613398954      -0.54881971494028259     
   2.8915032486327692      -0.54901593493433920     
   2.9031625359256434      -0.54921208493568108     
   2.9148218232185172      -0.54940816472694776     
   2.9264811105113915      -0.54960417409053042     
   2.9381403978042657      -0.54980011280857100     
   2.9497996850971395      -0.54999598066296107     
   2.9614589723900138      -0.55019177743534398     
   2.9731182596828876      -0.55038750290711203     
   2.9847775469757618      -0.55058315685940995     
   2.9964368342686361      -0.55077873907312969     
   3.0080961215615099      -0.55097424932891526     
   3.0197554088543841      -0.55116968740716044     
   3.0314146961472579      -0.55136505308800798     
   3.0430739834401321      -0.55156034615135119     
   3.0547332707330064      -0.55175556637683232     
   3.0663925580258802      -0.55195071354384395     
   3.0780518453187544      -0.55214578743152687     
   3.0897111326116282      -0.55234078781877261     
   3.1013704199045025      -0.55253571448422034     
   3.1130297071973767      -0.55273056720626013     
   3.1246889944902505      -0.55292534576302932     
   3.1363482817831247      -0.55312004993241493     
   3.1480075690759990      -0.55331467949205315     
   3.1596668563688728      -0.55350923421932796     
   3.1713261436617470      -0.55370371389137230     
   3.1829854309546208      -0.55389811828506819     
   3.1946447182474951      -0.55409244717704487     
   3.2063040055403693      -0.55428670034368110     
   3.2179632928332431      -0.55448087756110287     
   3.2296225801261174      -0.55467497860518522     
   3.2412818674189912      -0.55486900325154975     
   3.2529411547118654      -0.55506295127556737     
   3.2646004420047396      -0.55525682245235608     
   3.2762597292976134      -0.55545061655678230     
   3.2879190165904877      -0.55564433336345864     
   3.2995783038833615      -0.55583797264674684     
   3.3112375911762357      -0.55603153418075457     
   3.3228968784691100      -0.55622501773933841     
   3.3345561657619838      -0.55641842309610101     
   3.3462154530548580      -0.55661175002439289     
   3.3578747403477323      -0.55680499829731078     
   3.3695340276406061      -0.55699816768769905     
   3.3811933149334803      -0.55719125796814928     
   3.3928526022263541      -0.55738426891099857     
   3.4045118895192283      -0.55757720028833191     
   3.4161711768121026      -0.55777005187198070     
   3.4278304641049764      -0.55796282343352233     
   3.4394897513978506      -0.55815551474428138     
   3.4511490386907244      -0.55834812557532776     
   3.4628083259835987      -0.55854065569747857     
   3.4744676132764729      -0.55873310488129713     
   3.4861269005693467      -0.55892547289709182     
   3.4977861878622210      -0.55911775951491827     
   3.5094454751550948      -0.55930996450457715     
   3.5211047624479690      -0.55950208763561593     
   3.5327640497408432      -0.55969412867732637     
   3.5444233370337170      -0.55988608739874757     
   3.5560826243265913      -0.56007796356866280     
   3.5677419116194651      -0.56026975695560177     
   3.5794011989123393      -0.56046146732783975     
   3.5910604862052136      -0.56065309445339662     
   3.6027197734980874      -0.56084463810003760     
   3.6143790607909616      -0.56103609803527410     
   3.6260383480838358      -0.56122747402636186     
   3.6376976353767096      -0.56141876584030148     
   3.6493569226695839      -0.56160997324383910     
   3.6610162099624577      -0.56180109600346551     
   3.6726754972553319      -0.56199213388541669     
   3.6843347845482062      -0.56218308665567251     
   3.6959940718410800      -0.56237395407995827     
   3.7076533591339542      -0.56256473592374412     
   3.7193126464268280      -0.56275543195224342     
   3.7309719337197023      -0.56294604193041575     
   3.7426312210125765      -0.56313656562296377     
   3.7542905083054503      -0.56332700279433523     
   3.7659497955983245      -0.56351735320872154     
   3.7776090828911983      -0.56370761663005908     
   3.7892683701840726      -0.56389779282202712     
   3.8009276574769468      -0.56408788154805023     
   3.8125869447698206      -0.56427788257129696     
   3.8242462320626949      -0.56446779565467808     
   3.8359055193555687      -0.56465762056085034     
   3.8475648066484429      -0.56484735705221301     
   3.8592240939413172      -0.56503700489091024     
   3.8708833812341910      -0.56522656383882774     
   3.8825426685270652      -0.56541603365759785     
   3.8942019558199394      -0.56560541410859311     
   3.9058612431128132      -0.56579470495293183     
   3.9175205304056875      -0.56598390595147541     
   3.9291798176985613      -0.56617301686482824     
   3.9408391049914355      -0.56636203745333735     
   3.9524983922843098      -0.56655096747709521     
   3.9641576795771836      -0.56673980669593471     
   3.9758169668700578      -0.56692855486943383     
   3.9874762541629316      -0.56711721175691254     
   3.9991355414558059      -0.56730577711743457     
   4.0107948287486801      -0.56749425070980652     
   4.0224541160415539      -0.56768263229257721     
   4.0341134033344277      -0.56787092162403885     
   4.0457726906273024      -0.56805911846222656     
   4.0574319779201762      -0.56824722256491844     
   4.0690912652130500      -0.56843523368963456     
   4.0807505525059247      -0.56862315159363797     
   4.0924098397987985      -0.56881097603393449     
   4.1040691270916723      -0.56899870676727204     
   4.1157284143845470      -0.56918634355014175     
   4.1273877016774208      -0.56937388613877660     
   4.1390469889702945      -0.56956133428915234     
   4.1507062762631683      -0.56974868775698706     
   4.1623655635560430      -0.56993594629774080     
   4.1740248508489168      -0.57012310966661672     
   4.1856841381417906      -0.57031017761855851     
   4.1973434254346653      -0.57049714990825451     
   4.2090027127275391      -0.57068402629013293     
   4.2206620000204129      -0.57087080651836575     
   4.2323212873132876      -0.57105749034686581     
   4.2439805746061614      -0.57124407752928841     
   4.2556398618990352      -0.57143056781903157     
   4.2672991491919099      -0.57161696096923365     
   4.2789584364847837      -0.57180325673277699     
   4.2906177237776575      -0.57198945486228370     
   4.3022770110705313      -0.57217555511011975     
   4.3139362983634060      -0.57236155722839044     
   4.3255955856562798      -0.57254746096894571     
   4.3372548729491536      -0.57273326608337505     
   4.3489141602420283      -0.57291897232301081     
   4.3605734475349021      -0.57310457943892656     
   4.3722327348277759      -0.57329008718193708     
   4.3838920221206505      -0.57347549530260045     
   4.3955513094135243      -0.57366080355121452     
   4.4072105967063981      -0.57384601167781835     
   4.4188698839992719      -0.57403111943219509     
   4.4305291712921466      -0.57421612656386689     
   4.4421884585850204      -0.57440103282209864     
   4.4538477458778942      -0.57458583795589635     
   4.4655070331707689      -0.57477054171400710     
   4.4771663204636427      -0.57495514384491997     
   4.4888256077565165      -0.57513964409686547     
   4.5004848950493912      -0.57532404221781475     
   4.5121441823422650      -0.57550833795548084     
   4.5238034696351388      -0.57569253105731744     
   4.5354627569280135      -0.57587662127052108     
   4.5471220442208873      -0.57606060834202766     
   4.5587813315137611      -0.57624449201851546     
   4.5704406188066349      -0.57642827204640390     
   4.5820999060995096      -0.57661194817185368     
   4.5937591933923834      -0.57679552014076585     
   4.6054184806852572      -0.57697898769878375     
   4.6170777679781319      -0.57716235059129095     
   4.6287370552710057      -0.57734560856341377     
   4.6403963425638795      -0.57752876136001785     
   4.6520556298567541      -0.57771180872571060     
   4.6637149171496279      -0.57789475040484095     
   4.6753742044425017      -0.57807758614149873     
   4.6870334917353755      -0.57826031567951486     
   4.6986927790282502      -0.57844293876246122     
   4.7103520663211240      -0.57862545513365127     
   4.7220113536139978      -0.57880786453613919     
   4.7336706409068725      -0.57899016671271974     
   4.7453299281997463      -0.57917236140592998     
   4.7569892154926201      -0.57935444835804717     
   4.7686485027854948      -0.57953642731108967     
   4.7803077900783686      -0.57971829800681740     
   4.7919670773712424      -0.57990006018673101     
   4.8036263646641171      -0.58008171359207228     
   4.8152856519569909      -0.58026325796382427     
   4.8269449392498647      -0.58044469304271074     
   4.8386042265427385      -0.58062601856919682     
   4.8502635138356132      -0.58080723428348890     
   4.8619228011284870      -0.58098833992553334     
   4.8735820884213608      -0.58116933523501979     
   4.8852413757142354      -0.58135021995137670     
   4.8969006630071092      -0.58153099381377515     
   4.9085599502999830      -0.58171165656112667     
   4.9202192375928577      -0.58189220793208385     
   4.9318785248857315      -0.58207264766504097     
   4.9435378121786053      -0.58225297549813260     
   4.9551970994714791      -0.58243319116923620     
   4.9668563867643538      -0.58261329441596854     
   4.9785156740572276      -0.58279328497568783     
   4.9901749613501014      -0.58297316258549436     
   5.0018342486429761      -0.58315292698222954     
   5.0134935359358499      -0.58333257790247517     
   5.0251528232287237      -0.58351211508255418     
   5.0368121105215984      -0.58369153825853337     
   5.0484713978144722      -0.58387084716621740     
   5.0601306851073460      -0.58405004154115447     
   5.0717899724002207      -0.58422912111863290     
   5.0834492596930945      -0.58440808563368341     
   5.0951085469859683      -0.58458693482107682     
   5.1067678342788421      -0.58476566841532640     
   5.1184271215717168      -0.58494428615068705     
   5.1300864088645906      -0.58512278776115445     
   5.1417456961574644      -0.58530117298046569     
   5.1534049834503390      -0.58547944154209985     
   5.1650642707432128      -0.58565759317927735     
   5.1767235580360866      -0.58583562762496011     
   5.1883828453289613      -0.58601354461185162     
   5.2000421326218351      -0.58619134387239780     
   5.2117014199147089      -0.58636902513878497     
   5.2233607072075827      -0.58654658814294214     
   5.2350199945004574      -0.58672403261653927     
   5.2466792817933312      -0.58690135829098877     
   5.2583385690862050      -0.58707856489744514     
   5.2699978563790797      -0.58725565216680364     
   5.2816571436719535      -0.58743261982970230     
   5.2933164309648273      -0.58760946761652033     
   5.3049757182577020      -0.58778619525737996     
   5.3166350055505758      -0.58796280248214505     
   5.3282942928434496      -0.58813928902042045     
   5.3399535801363243      -0.58831565460155533     
   5.3516128674291981      -0.58849189895463871     
   5.3632721547220719      -0.58866802180850275     
   5.3749314420149457      -0.58884402289172255     
   5.3865907293078203      -0.58901990193261466     
   5.3982500166006941      -0.58919565865923784     
   5.4099093038935679      -0.58937129279939460     
   5.4215685911864426      -0.58954680408062765     
   5.4332278784793164      -0.58972219223022393     
   5.4448871657721902      -0.58989745697521301     
   5.4565464530650649      -0.59007259804236600     
   5.4682057403579387      -0.59024761515819701     
   5.4798650276508125      -0.59042250804896357     
   5.4915243149436872      -0.59059727644066506     
   5.5031836022365610      -0.59077192005904489     
   5.5148428895294348      -0.59094643862958729     
   5.5265021768223086      -0.59112083187752185     
   5.5381614641151833      -0.59129509952782011     
   5.5498207514080571      -0.59146924130519574     
   5.5614800387009309      -0.59164325693410769     
   5.5731393259938056      -0.59181714613875613     
   5.5847986132866794      -0.59199090864308568     
   5.5964579005795532      -0.59216454417078412     
   5.6081171878724279      -0.59233805244528204     
   5.6197764751653017      -0.59251143318975386     
   5.6314357624581755      -0.59268468612711833     
   5.6430950497510493      -0.59285781098003665     
   5.6547543370439239      -0.59303080747091530     
   5.6664136243367977      -0.59320367532190166     
   5.6780729116296715      -0.59337641425489029     
   5.6897321989225462      -0.59354902399151799     
   5.7013914862154200      -0.59372150425316506     
   5.7130507735082938      -0.59389385476095735     
   5.7247100608011685      -0.59406607523576394     
   5.7363693480940423      -0.59423816539819796     
   5.7480286353869161      -0.59441012496861767     
   5.7596879226797908      -0.59458195366712552     
   5.7713472099726646      -0.59475365121356782     
   5.7830064972655384      -0.59492521732753634     
   5.7946657845584122      -0.59509665172836645     
   5.8063250718512869      -0.59526795413513967     
   5.8179843591441607      -0.59543912426668122     
   5.8296436464370345      -0.59561016184156168     
   5.8413029337299092      -0.59578106657809704     
   5.8529622210227830      -0.59595183819434761     
   5.8646215083156568      -0.59612247640811911     
   5.8762807956085314      -0.59629298093696326     
   5.8879400829014052      -0.59646335149817609     
   5.8995993701942790      -0.59663358780880082     
   5.9112586574871528      -0.59680368958562424     
   5.9229179447800275      -0.59697365654518031     
   5.9345772320729013      -0.59714348840374765     
   5.9462365193657751      -0.59731318487735219     
   5.9578958066586498      -0.59748274568176407     
   5.9695550939515236      -0.59765217053250153     
   5.9812143812443974      -0.59782145914482754     
   5.9928736685372721      -0.59799061123375163     
   6.0045329558301459      -0.59815962651403065     
   6.0161922431230197      -0.59832850470016674     
   6.0278515304158944      -0.59849724550640948     
   6.0395108177087682      -0.59866584864675543     
   6.0511701050016420      -0.59883431383494701     
   6.0628293922945158      -0.59900264078447407     
   6.0744886795873905      -0.59917082920857412     
   6.0861479668802643      -0.59933887882023162     
   6.0978072541731381      -0.59950678933217683     
   6.1094665414660128      -0.59967456045689072     
   6.1211258287588866      -0.59984219190659849     
   6.1327851160517604      -0.60000968339327521     
   6.1444444033446350      -0.60017703462864247     
   6.1561036906375088      -0.60034424532417063     
   6.1677629779303826      -0.60051131519107748     
   6.1794222652232564      -0.60067824394032943     
   6.1910815525161311      -0.60084503128264122     
   6.2027408398090049      -0.60101167692847590     
   6.2144001271018787      -0.60117818058804418     
   6.2260594143947534      -0.60134454197130771     
   6.2377187016876272      -0.60151076078797405     
   6.2493779889805010      -0.60167683674750261     
   6.2610372762733757      -0.60184276955909954     
   6.2726965635662495      -0.60200855893172167     
   6.2843558508591233      -0.60217420457407433     
   6.2960151381519980      -0.60233970619461386     
   6.3076744254448718      -0.60250506350154376     
   6.3193337127377456      -0.60267027620281954     
   6.3309930000306194      -0.60283534400614502     
   6.3426522873234941      -0.60300026661897521     
   6.3543115746163679      -0.60316504374851554     
   6.3659708619092417      -0.60332967510172020     
   6.3776301492021163      -0.60349416038529580     
   6.3892894364949901      -0.60365849930569826     
   6.4009487237878639      -0.60382269156913437     
   6.4126080110807386      -0.60398673688156312     
   6.4242672983736124      -0.60415063494869259     
   6.4359265856664862      -0.60431438547598415     
   6.4475858729593600      -0.60447798816864917     
   6.4592451602522347      -0.60464144273165188     
   6.4709044475451085      -0.60480474886970625     
   6.4825637348379823      -0.60496790628728014     
   6.4942230221308570      -0.60513091468859226     
   6.5058823094237308      -0.60529377377761395     
   6.5175415967166046      -0.60545648325806867     
   6.5292008840094793      -0.60561904283343349     
   6.5408601713023531      -0.60578145220693624     
   6.5525194585952269      -0.60594371108155887     
   6.5641787458881016      -0.60610581916003614     
   6.5758380331809754      -0.60626777614485639     
   6.5874973204738492      -0.60642958173826067     
   6.5991566077667230      -0.60659123564224382     
   6.6108158950595977      -0.60675273755855386     
   6.6224751823524715      -0.60691408718869388     
   6.6341344696453453      -0.60707528423392043     
   6.6457937569382199      -0.60723632839524377     
   6.6574530442310937      -0.60739721937342916     
   6.6691123315239675      -0.60755795686899650     
   6.6807716188168422      -0.60771854058222019     
   6.6924309061097160      -0.60787897021312953     
   6.7040901934025898      -0.60803924546150934     
   6.7157494806954645      -0.60819936602689928     
   6.7274087679883383      -0.60835933160859523     
   6.7390680552812121      -0.60851914190564793     
   6.7507273425740859      -0.60867879661686464     
   6.7623866298669606      -0.60883829544080836     
   6.7740459171598344      -0.60899763807579776     
   6.7857052044527082      -0.60915682421990947     
   6.7973644917455829      -0.60931585357097606     
   6.8090237790384567      -0.60947472582658646     
   6.8206830663313305      -0.60963344068408720     
   6.8323423536242052      -0.60979199784058191     
   6.8440016409170790      -0.60995039699293141     
   6.8556609282099528      -0.61010863783775449     
   6.8673202155028266      -0.61026672007142824     
   6.8789795027957013      -0.61042464339008673     
   6.8906387900885750      -0.61058240748962300     
   6.9022980773814488      -0.61074001206568873     
   6.9139573646743235      -0.61089745681369367     
   6.9256166519671973      -0.61105474142880634     
   6.9372759392600711      -0.61121186560595553     
   6.9489352265529458      -0.61136882903982814     
   6.9605945138458196      -0.61152563142487126     
   6.9722538011386934      -0.61168227245529105     
   6.9839130884315681      -0.61183875182505421     
   6.9955723757244419      -0.61199506922788793     
   7.0072316630173157      -0.61215122435727898     
   7.0188909503101895      -0.61230721690647505     
   7.0305502376030642      -0.61246304656848505     
   7.0422095248959380      -0.61261871303607840     
   7.0538688121888118      -0.61277421600178561     
   7.0655280994816865      -0.61292955515789971     
   7.0771873867745603      -0.61308473019647514     
   7.0888466740674341      -0.61323974080932731     
   7.1005059613603088      -0.61339458668803504     
   7.1121652486531826      -0.61354926752393901     
   7.1238245359460564      -0.61370378300814288     
   7.1354838232389302      -0.61385813283151214     
   7.1471431105318048      -0.61401231668467782     
   7.1588023978246786      -0.61416633425803246     
   7.1704616851175524      -0.61432018524173115     
   7.1821209724104271      -0.61447386932569592     
   7.1937802597033009      -0.61462738619961066     
   7.2054395469961747      -0.61478073555292412     
   7.2170988342890494      -0.61493391707485001     
   7.2287581215819232      -0.61508693045436658     
   7.2404174088747970      -0.61523977538021646     
   7.2520766961676717      -0.61539245154090993     
   7.2637359834605455      -0.61554495862471981     
   7.2753952707534193      -0.61569729631968761     
   7.2870545580462931      -0.61584946431361864     
   7.2987138453391678      -0.61600146229408537     
   7.3103731326320416      -0.61615328994842800     
   7.3220324199249154      -0.61630494696375171     
   7.3336917072177901      -0.61645643302692998     
   7.3453509945106639      -0.61660774782460392     
   7.3570102818035377      -0.61675889104318216     
   7.3686695690964124      -0.61690986236883949     
   7.3803288563892862      -0.61706066148752181     
   7.3919881436821600      -0.61721128808494141     
   7.4036474309750337      -0.61736174184657966     
   7.4153067182679084      -0.61751202245768799     
   7.4269660055607822      -0.61766212960328570     
   7.4386252928536560      -0.61781206296816238     
   7.4502845801465307      -0.61796182223687779     
   7.4619438674394045      -0.61811140709376056     
   7.4736031547322783      -0.61826081722291037     
   7.4852624420251530      -0.61841005230819912     
   7.4969217293180268      -0.61855911203326686     
   7.5085810166109006      -0.61870799608152605     
   7.5202403039037753      -0.61885670413616189     
   7.5318995911966491      -0.61900523588012990     
   7.5435588784895229      -0.61915359099615797     
   7.5552181657823967      -0.61930176916674651     
   7.5668774530752714      -0.61944977007416879     
   7.5785367403681452      -0.61959759340047071     
   7.5901960276610190      -0.61974523882747146     
   7.6018553149538937      -0.61989270603676416     
   7.6135146022467675      -0.62003999470971527     
   7.6251738895396413      -0.62018710452746606     
   7.6368331768325159      -0.62033403517093122     
   7.6484924641253897      -0.62048078632080150     
   7.6601517514182635      -0.62062735765754151     
   7.6718110387111373      -0.62077374886139225     
   7.6834703260040120      -0.62091995961236890     
   7.6951296132968858      -0.62106598959026504     
   7.7067889005897596      -0.62121183847464756     
   7.7184481878826343      -0.62135750594486283     
   7.7301074751755081      -0.62150299168003176     
   7.7417667624683819      -0.62164829535905430     
   7.7534260497612566      -0.62179341666060672     
   7.7650853370541304      -0.62193835526314412     
   7.7767446243470042      -0.62208311084489787     
   7.7884039116398789      -0.62222768308388099     
   7.8000631989327527      -0.62237207165788255     
   7.8117224862256265      -0.62251627624447226     
   7.8233817735185003      -0.62266029652099864     
   7.8350410608113750      -0.62280413216459019     
   7.8467003481042488      -0.62294778285215535     
   7.8583596353971226      -0.62309124826038398     
   7.8700189226899973      -0.62323452806574520     
   7.8816782099828711      -0.62337762194449076     
   7.8933374972757449      -0.62352052957265247     
   7.9049967845686195      -0.62366325062604555     
   7.9166560718614933      -0.62380578478026616     
   7.9283153591543671      -0.62394813171069285     
   7.9399746464472409      -0.62409029109248837     
   7.9516339337401156      -0.62423226260059683     
   7.9632932210329894      -0.62437404590974699     
   7.9749525083258632      -0.62451564069445142     
   7.9866117956187379      -0.62465704662900656     
   7.9982710829116117      -0.62479826338749334     
   8.0099303702044864      -0.62493929064377829     
   8.0215896574973602      -0.62508012807151270     
   8.0332489447902340      -0.62522077534413378     
   8.0449082320831078      -0.62536123213486394     
   8.0565675193759816      -0.62550149811671241     
   8.0682268066688554      -0.62564157296247569     
   8.0798860939617310      -0.62578145634473681     
   8.0915453812546048      -0.62592114793586673     
   8.1032046685474786      -0.62606064740802303     
   8.1148639558403524      -0.62619995443315213     
   8.1265232431332262      -0.62633906868299005     
   8.1381825304261000      -0.62647798982905922     
   8.1498418177189738      -0.62661671754267445     
   8.1615011050118493      -0.62675525149493783     
   8.1731603923047231      -0.62689359135674227     
   8.1848196795975969      -0.62703173679877089     
   8.1964789668904707      -0.62716968749149837     
   8.2081382541833445      -0.62730744310518949     
   8.2197975414762183      -0.62744500330990105     
   8.2314568287690939      -0.62758236777548204     
   8.2431161160619677      -0.62771953617157328     
   8.2547754033548415      -0.62785650816760874     
   8.2664346906477153      -0.62799328343281524     
   8.2780939779405891      -0.62812986163621287     
   8.2897532652334629      -0.62826624244661655     
   8.3014125525263367      -0.62840242553263370     
   8.3130718398192123      -0.62853841056266802     
   8.3247311271120861      -0.62867419720491813     
   8.3363904144049599      -0.62880978512737706     
   8.3480497016978337      -0.62894517399783489     
   8.3597089889907075      -0.62908036348387719     
   8.3713682762835813      -0.62921535325288713     
   8.3830275635764568      -0.62935014297204339     
   8.3946868508693306      -0.62948473230832325     
   8.4063461381622044      -0.62961912092850181     
   8.4180054254550782      -0.62975330849915323     
   8.4296647127479520      -0.62988729468664817     
   8.4413240000408258      -0.63002107915715866     
   8.4529832873336996      -0.63015466157665501     
   8.4646425746265752      -0.63028804161090868     
   8.4763018619194490      -0.63042121892548986     
   8.4879611492123228      -0.63055419318577088     
   8.4996204365051966      -0.63068696405692526     
   8.5112797237980704      -0.63081953120392720     
   8.5229390110909442      -0.63095189429155440     
   8.5345982983838198      -0.63108405298438552     
   8.5462575856766936      -0.63121600694680391     
   8.5579168729695674      -0.63134775584299463     
   8.5695761602624412      -0.63147929933694802     
   8.5812354475553150      -0.63161063709245757     
   8.5928947348481888      -0.63174176877312160     
   8.6045540221410626      -0.63187269404234492     
   8.6162133094339382      -0.63200341256333581     
   8.6278725967268119      -0.63213392399911050     
   8.6395318840196857      -0.63226422801248972     
   8.6511911713125595      -0.63239432426610331     
   8.6628504586054333      -0.63252421242238710     
   8.6745097458983071      -0.63265389214358481     
   8.6861690331911809      -0.63278336309174921     
   8.6978283204840565      -0.63291262492874056     
   8.7094876077769303      -0.63304167731622907     
   8.7211468950698041      -0.63317051991569506     
   8.7328061823626779      -0.63329915238842793     
   8.7444654696555517      -0.63342757439552855     
   8.7561247569484255      -0.63355578559790771     
   8.7677840442413011      -0.63368378565628891     
   8.7794433315341749      -0.63381157423120660     
   8.7911026188270487      -0.63393915098300835     
   8.8027619061199225      -0.63406651557185445     
   8.8144211934127963      -0.63419366765771845     
   8.8260804807056701      -0.63432060690038694     
   8.8377397679985439      -0.63444733295946298     
   8.8493990552914195      -0.63457384549436247     
   8.8610583425842933      -0.63470014416431686     
   8.8727176298771671      -0.63482622862837412     
   8.8843769171700409      -0.63495209854539780     
   8.8960362044629147      -0.63507775357406893     
   8.9076954917557885      -0.63520319337288444     
   8.9193547790486640      -0.63532841760016012     
   8.9310140663415378      -0.63545342591402953     
   8.9426733536344116      -0.63557821797244463     
   8.9543326409272854      -0.63570279343317815     
   8.9659919282201592      -0.63582715195381978     
   8.9776512155130330      -0.63595129319178134     
   8.9893105028059068      -0.63607521680429446     
   9.0009697900987824      -0.63619892244841281     
   9.0126290773916562      -0.63632240978101062     
   9.0242883646845300      -0.63644567845878530     
   9.0359476519774038      -0.63656872813825649     
   9.0476069392702776      -0.63669155847576719     
   9.0592662265631514      -0.63681416912748301     
   9.0709255138560270      -0.63693655974939611     
   9.0825848011489008      -0.63705872999732127     
   9.0942440884417746      -0.63718067952689916     
   9.1059033757346484      -0.63730240799359661     
   9.1175626630275222      -0.63742391505270612     
   9.1292219503203960      -0.63754520035934770     
   9.1408812376132698      -0.63766626356846801     
   9.1525405249061453      -0.63778710433484231     
   9.1641998121990191      -0.63790772231307313     
   9.1758590994918929      -0.63802811715759267     
   9.1875183867847667      -0.63814828852266348     
   9.1991776740776405      -0.63826823606237570     
   9.2108369613705143      -0.63838795943065296     
   9.2224962486633899      -0.63850745828124689     
   9.2341555359562637      -0.63862673226774280     
   9.2458148232491375      -0.63874578104355773     
   9.2574741105420113      -0.63886460426194125     
   9.2691333978348851      -0.63898320157597555     
   9.2807926851277589      -0.63910157263857792     
   9.2924519724206327      -0.63921971710249892     
   9.3041112597135083      -0.63933763462032378     
   9.3157705470063821      -0.63945532484447354     
   9.3274298342992559      -0.63957278742720636     
   9.3390891215921297      -0.63969002202061453     
   9.3507484088850035      -0.63980702827662983     
   9.3624076961778773      -0.63992380584702013     
   9.3740669834707511      -0.64004035438339191     
   9.3857262707636266      -0.64015667353719052     
   9.3973855580565004      -0.64027276295970093     
   9.4090448453493742      -0.64038862230204741     
   9.4207041326422480      -0.64050425121519505     
   9.4323634199351218      -0.64061964934994953     
   9.4440227072279956      -0.64073481635695950     
   9.4556819945208712      -0.64084975188671434     
   9.4673412818137450      -0.64096445558954718     
   9.4790005691066188      -0.64107892711563230     
   9.4906598563994926      -0.64119316611499211     
   9.5023191436923664      -0.64130717223748890     
   9.5139784309852402      -0.64142094513283399     
   9.5256377182781140      -0.64153448445058159     
   9.5372970055709896      -0.64164778984013360     
   9.5489562928638634      -0.64176086095073814     
   9.5606155801567372      -0.64187369743149092     
   9.5722748674496110      -0.64198629893133674     
   9.5839341547424848      -0.64209866509906754     
   9.5955934420353586      -0.64221079558332494     
   9.6072527293282342      -0.64232269003260056     
   9.6189120166211080      -0.64243434809523703     
   9.6305713039139818      -0.64254576941942698     
   9.6422305912068556      -0.64265695365321540     
   9.6538898784997293      -0.64276790044449961     
   9.6655491657926031      -0.64287860944102937     
   9.6772084530854769      -0.64298908029040835     
   9.6888677403783525      -0.64309931264009323     
   9.7005270276712263      -0.64320930613739735     
   9.7121863149641001      -0.64331906042948739     
   9.7238456022569739      -0.64342857516338792     
   9.7355048895498477      -0.64353784998597885     
   9.7471641768427215      -0.64364688454399688     
   9.7588234641355971      -0.64375567848403770     
   9.7704827514284709      -0.64386423145255467     
   9.7821420387213447      -0.64397254309586127     
   9.7938013260142185      -0.64408061306012920     
   9.8054606133070923      -0.64418844099139172     
   9.8171199005999661      -0.64429602653554197     
   9.8287791878928399      -0.64440336933833597     
   9.8404384751857155      -0.64451046904539189     
   9.8520977624785893      -0.64461732530218929     
   9.8637570497714631      -0.64472393775407300     
   9.8754163370643369      -0.64483030604625102     
   9.8870756243572107      -0.64493642982379662     
   9.8987349116500845      -0.64504230873164914     
   9.9103941989429583      -0.64514794241461237     
   9.9220534862358338      -0.64525333051735911     
   9.9337127735287076      -0.64535847268442814     
   9.9453720608215814      -0.64546336856022613     
   9.9570313481144552      -0.64556801778902906     
   9.9686906354073290      -0.64567242001498359     
   9.9803499227002028      -0.64577657488210394     
   9.9920092099930784      -0.64588048203427706     
   10.003668497285952      -0.64598414111526037     
   10.015327784578826      -0.64608755176868427     
   10.026987071871700      -0.64619071363805070     
   10.038646359164574      -0.64629362636673693     
   10.050305646457447      -0.64639628959799178     
   10.061964933750321      -0.64649870297494050     
   10.073624221043197      -0.64660086614058454     
   10.085283508336071      -0.64670277873779936     
   10.096942795628944      -0.64680444040933949     
   10.108602082921818      -0.64690585079783525     
   10.120261370214692      -0.64700700954579626     
   10.131920657507566      -0.64710791629561093     
   10.143579944800441      -0.64720857068954663     
   10.155239232093315      -0.64730897236975138     
   10.166898519386189      -0.64740912097825443     
   10.178557806679063      -0.64750901615696677     
   10.190217093971937      -0.64760865754768049     
   10.201876381264810      -0.64770804479207389     
   10.213535668557684      -0.64780717753170514     
   10.225194955850560      -0.64790605540801960     
   10.236854243143434      -0.64800467806234707     
   10.248513530436307      -0.64810304513590289     
   10.260172817729181      -0.64820115626978991     
   10.271832105022055      -0.64829901110499732     
   10.283491392314929      -0.64839660928240328     
   10.295150679607804      -0.64849395044277391     
   10.306809966900678      -0.64859103422676534     
   10.318469254193552      -0.64868786027492487     
   10.330128541486426      -0.64878442822768811     
   10.341787828779299      -0.64888073772538479     
   10.353447116072173      -0.64897678840823647     
   10.365106403365047      -0.64907257991635703     
   10.376765690657923      -0.64916811188975465     
   10.388424977950796      -0.64926338396833350     
   10.400084265243670      -0.64935839579189092     
   10.411743552536544      -0.64945314700012124     
   10.423402839829418      -0.64954763723261588     
   10.435062127122292      -0.64964186612886377     
   10.446721414415165      -0.64973583332825091     
   10.458380701708041      -0.64982953847006564     
   10.470039989000915      -0.64992298119349201     
   10.481699276293789      -0.65001616113761729     
   10.493358563586662      -0.65010907794142903     
   10.505017850879536      -0.65020173124381730     
   10.516677138172410      -0.65029412068357439     
   10.528336425465286      -0.65038624589939742     
   10.539995712758159      -0.65047810652988680     
   10.551655000051033      -0.65056970221354771     
   10.563314287343907      -0.65066103258879315     
   10.574973574636781      -0.65075209729393990     
   10.586632861929655      -0.65084289596721467     
   10.598292149222528      -0.65093342824675149     
   10.609951436515404      -0.65102369377059255     
   10.621610723808278      -0.65111369217669068     
   10.633270011101152      -0.65120342310290957     
   10.644929298394025      -0.65129288618702363     
   10.656588585686899      -0.65138208106671902     
   10.668247872979773      -0.65147100737959562     
   10.679907160272649      -0.65155966476316585     
   10.691566447565522      -0.65164805285485794     
   10.703225734858396      -0.65173617129201489     
   10.714885022151270      -0.65182401971189441     
   10.726544309444144      -0.65191159775167262     
   10.738203596737018      -0.65199890504844360     
   10.749862884029891      -0.65208594123921815     
   10.761522171322767      -0.65217270596092791     
   10.773181458615641      -0.65225919885042316     
   10.784840745908514      -0.65234541954447656     
   10.796500033201388      -0.65243136767978049     
   10.808159320494262      -0.65251704289295154     
   10.819818607787136      -0.65260244482052887     
   10.831477895080011      -0.65268757309897585     
   10.843137182372885      -0.65277242736468022     
   10.854796469665759      -0.65285700725395635     
   10.866455756958633      -0.65294131240304476     
   10.878115044251507      -0.65302534244811283     
   10.889774331544380      -0.65310909702525632     
   10.901433618837254      -0.65319257577050138     
   10.913092906130130      -0.65327577831980199     
   10.924752193423004      -0.65335870430904397     
   10.936411480715877      -0.65344135337404430     
   10.948070768008751      -0.65352372515055279     
   10.959730055301625      -0.65360581927425165     
   10.971389342594499      -0.65368763538075758     
   10.983048629887374      -0.65376917310562244     
   10.994707917180248      -0.65385043208433324     
   11.006367204473122      -0.65393141195231352     
   11.018026491765996      -0.65401211234492496     
   11.029685779058870      -0.65409253289746727     
   11.041345066351743      -0.65417267324517847     
   11.053004353644617      -0.65425253302323716     
   11.064663640937493      -0.65433211186676343     
   11.076322928230367      -0.65441140941081799     
   11.087982215523240      -0.65449042529040424     
   11.099641502816114      -0.65456915914047009     
   11.111300790108988      -0.65464761059590626     
   11.122960077401862      -0.65472577929154951     
   11.134619364694736      -0.65480366486218256     
   11.146278651987611      -0.65488126694253479     
   11.157937939280485      -0.65495858516728345     
   11.169597226573359      -0.65503561917105457     
   11.181256513866233      -0.65511236858842370     
   11.192915801159106      -0.65518883305391673     
   11.204575088451980      -0.65526501220201050     
   11.216234375744856      -0.65534090566713421     
   11.227893663037730      -0.65541651308367110     
   11.239552950330603      -0.65549183408595701     
   11.251212237623477      -0.65556686830828315     
   11.262871524916351      -0.65564161538489740     
   11.274530812209225      -0.65571607495000239     
   11.286190099502099      -0.65579024663776020     
   11.297849386794974      -0.65586413008229005     
   11.309508674087848      -0.65593772491767111     
   11.321167961380722      -0.65601103077794276     
   11.332827248673595      -0.65608404729710534     
   11.344486535966469      -0.65615677410912188     
   11.356145823259343      -0.65622921084791741     
   11.367805110552219      -0.65630135714738236     
   11.379464397845092      -0.65637321264137016     
   11.391123685137966      -0.65644477696370107     
   11.402782972430840      -0.65651604974816213     
   11.414442259723714      -0.65658703062850798     
   11.426101547016588      -0.65665771923846106     
   11.437760834309461      -0.65672811521171381     
   11.449420121602337      -0.65679821818192918     
   11.461079408895211      -0.65686802778274123     
   11.472738696188085      -0.65693754364775681     
   11.484397983480958      -0.65700676541055447     
   11.496057270773832      -0.65707569270468846     
   11.507716558066706      -0.65714432516368748     
   11.519375845359582      -0.65721266242105647     
   11.531035132652455      -0.65728070411027695     
   11.542694419945329      -0.65734844986480867     
   11.554353707238203      -0.65741589931809064     
   11.566012994531077      -0.65748305210354119     
   11.577672281823951      -0.65754990785455869     
   11.589331569116824      -0.65761646620452496     
   11.600990856409700      -0.65768272678680306     
   11.612650143702574      -0.65774868923474084     
   11.624309430995448      -0.65781435318167003     
   11.635968718288321      -0.65787971826090819     
   11.647628005581195      -0.65794478410575929     
   11.659287292874069      -0.65800955034951514     
