   0.0000000000000000        1.5874578621008559     
  1.07096481761073514E-002   1.5872059893722590     
  2.14192963522147027E-002   1.5869538359893718     
  3.21289445283220523E-002   1.5867014018392680     
  4.28385927044294054E-002   1.5864486868090268     
  5.35482408805367585E-002   1.5861956907857364     
  6.42578890566441047E-002   1.5859424136564895     
  7.49675372327514578E-002   1.5856888553083870     
  8.56771854088588108E-002   1.5854350156285468     
  9.63868335849661639E-002   1.5851808945040804     
  0.10709648176107352        1.5849264918221142     
  0.11780612993718087        1.5846718074697852     
  0.12851577811328821        1.5844168413342361     
  0.13922542628939558        1.5841615933026154     
  0.14993507446550292        1.5839060632620847     
  0.16064472264161028        1.5836502510998161     
  0.17135437081771762        1.5833941567029832     
  0.18206401899382496        1.5831377799587723     
  0.19277366716993233        1.5828811207543809     
  0.20348331534603967        1.5826241789770159     
  0.21419296352214703        1.5823669545138894     
  0.22490261169825437        1.5821094472522250     
  0.23561225987436174        1.5818516570792598     
  0.24632190805046908        1.5815935838822377     
  0.25703155622657642        1.5813352275484089     
  0.26774120440268379        1.5810765879650410     
  0.27845085257879115        1.5808176650194050     
  0.28916050075489846        1.5805584585987891     
  0.29987014893100583        1.5802989685904909     
  0.31057979710711320        1.5800391948818107     
  0.32128944528322056        1.5797791373600687     
  0.33199909345932788        1.5795187959125940     
  0.34270874163543524        1.5792581704267248     
  0.35341838981154261        1.5789972607898095     
  0.36412803798764992        1.5787360668892143     
  0.37483768616375729        1.5784745886123104     
  0.38554733433986466        1.5782128258464836     
  0.39625698251597202        1.5779507784791331     
  0.40696663069207933        1.5776884463976699     
  0.41767627886818670        1.5774258294895083     
  0.42838592704429407        1.5771629276420891     
  0.43909557522040138        1.5768997407428602     
  0.44980522339650875        1.5766362686792759     
  0.46051487157261611        1.5763725113388112     
  0.47122451974872348        1.5761084686089499     
  0.48193416792483079        1.5758441403771899     
  0.49264381610093816        1.5755795265310435     
  0.50335346427704553        1.5753146269580365     
  0.51406311245315284        1.5750494415457077     
  0.52477276062926026        1.5747839701816082     
  0.53548240880536757        1.5745182127533022     
  0.54619205698147488        1.5742521691483751     
  0.55690170515758231        1.5739858392544190     
  0.56761135333368962        1.5737192229590395     
  0.57832100150979693        1.5734523201498598     
  0.58903064968590435        1.5731851307145273     
  0.59974029786201166        1.5729176545406862     
  0.61044994603811897        1.5726498915160074     
  0.62115959421422640        1.5723818415281721     
  0.63186924239033371        1.5721135044648791     
  0.64257889056644113        1.5718448802138427     
  0.65328853874254844        1.5715759686627937     
  0.66399818691865575        1.5713067696994780     
  0.67470783509476318        1.5710372832116546     
  0.68541748327087049        1.5707675090871021     
  0.69612713144697780        1.5704974472136128     
  0.70683677962308522        1.5702270974789976     
  0.71754642779919253        1.5699564597710824     
  0.72825607597529984        1.5696855339777143     
  0.73896572415140727        1.5694143199867505     
  0.74967537232751458        1.5691428176860720     
  0.76038502050362200        1.5688710269635713     
  0.77109466867972931        1.5685989477071594     
  0.78180431685583662        1.5683265798047705     
  0.79251396503194405        1.5680539231443520     
  0.80322361320805136        1.5677809776138656     
  0.81393326138415867        1.5675077431012960     
  0.82464290956026609        1.5672342194946538     
  0.83535255773637340        1.5669604066819471     
  0.84606220591248071        1.5666863045512271     
  0.85677185408858814        1.5664119129905469     
  0.86748150226469545        1.5661372318879843     
  0.87819115044080276        1.5658622611316326     
  0.88890079861691018        1.5655870006096122     
  0.89961044679301749        1.5653114502100600     
  0.91032009496912492        1.5650356098211247     
  0.92102974314523223        1.5647594793309856     
  0.93173939132133954        1.5644830586278371     
  0.94244903949744696        1.5642063475998960     
  0.95315868767355427        1.5639293461353958     
  0.96386833584966158        1.5636520541225942     
  0.97457798402576901        1.5633744714497664     
  0.98528763220187632        1.5630965980052138     
  0.99599728037798363        1.5628184336772486     
   1.0067069285540911        1.5625399783542200     
   1.0174165767301984        1.5622612319244860     
   1.0281262249063057        1.5619821942764325     
   1.0388358730824130        1.5617028652984621     
   1.0495455212585205        1.5614232448790031     
   1.0602551694346278        1.5611433329065032     
   1.0709648176107351        1.5608631292694410     
   1.0816744657868425        1.5605826338563069     
   1.0923841139629498        1.5603018465556178     
   1.1030937621390573        1.5600207672559194     
   1.1138034103151646        1.5597393958457704     
   1.1245130584912719        1.5594577322137573     
   1.1352227066673792        1.5591757762484948     
   1.1459323548434865        1.5588935278386167     
   1.1566420030195939        1.5586109868727793     
   1.1673516511957014        1.5583281532396676     
   1.1780612993718087        1.5580450268279851     
   1.1887709475479160        1.5577616075264693     
   1.1994805957240233        1.5574778952238657     
   1.2101902439001306        1.5571938898089670     
   1.2208998920762379        1.5569095911705690     
   1.2316095402523455        1.5566249991975085     
   1.2423191884284528        1.5563401137786441     
   1.2530288366045601        1.5560549348028552     
   1.2637384847806674        1.5557694621590501     
   1.2744481329567747        1.5554836957361595     
   1.2851577811328823        1.5551976354231531     
   1.2958674293089896        1.5549112811090104     
   1.3065770774850969        1.5546246326827464     
   1.3172867256612042        1.5543376900334058     
   1.3279963738373115        1.5540504530500494     
   1.3387060220134188        1.5537629216217801     
   1.3494156701895264        1.5534750956377144     
   1.3601253183656337        1.5531869749870031     
   1.3708349665417410        1.5528985595588265     
   1.3815446147178483        1.5526098492423868     
   1.3922542628939556        1.5523208439269232     
   1.4029639110700631        1.5520315435016949     
   1.4136735592461704        1.5517419478559933     
   1.4243832074222778        1.5514520568791412     
   1.4350928555983851        1.5511618704604873     
   1.4458025037744924        1.5508713884894074     
   1.4565121519505997        1.5505806108553128     
   1.4672218001267072        1.5502895374476435     
   1.4779314483028145        1.5499981681558614     
   1.4886410964789218        1.5497065028694712     
   1.4993507446550292        1.5494145414779965     
   1.5100603928311365        1.5491222838710024     
   1.5207700410072440        1.5488297299380680     
   1.5314796891833513        1.5485368795688248     
   1.5421893373594586        1.5482437326529261     
   1.5528989855355659        1.5479502890800430     
   1.5636086337116732        1.5476565487399006     
   1.5743182818877806        1.5473625115222471     
   1.5850279300638881        1.5470681773168546     
   1.5957375782399954        1.5467735460135397     
   1.6064472264161027        1.5464786175021461     
   1.6171568745922100        1.5461833916725511     
   1.6278665227683173        1.5458878684146609     
   1.6385761709444246        1.5455920476184211     
   1.6492858191205322        1.5452959291738093     
   1.6599954672966395        1.5449995129708327     
   1.6707051154727468        1.5447027988995390     
   1.6814147636488541        1.5444057868500050     
   1.6921244118249614        1.5441084767123399     
   1.7028340600010690        1.5438108683766893     
   1.7135437081771763        1.5435129617332444     
   1.7242533563532836        1.5432147566722125     
   1.7349630045293909        1.5429162530838481     
   1.7456726527054982        1.5426174508584392     
   1.7563823008816055        1.5423183498863093     
   1.7670919490577131        1.5420189500578150     
   1.7778015972338204        1.5417192512633560     
   1.7885112454099277        1.5414192533933593     
   1.7992208935860350        1.5411189563382925     
   1.8099305417621423        1.5408183599886622     
   1.8206401899382498        1.5405174642350128     
   1.8313498381143571        1.5402162689679204     
   1.8420594862904645        1.5399147740779990     
   1.8527691344665718        1.5396129794559092     
   1.8634787826426791        1.5393108849923380     
   1.8741884308187864        1.5390084905780212     
   1.8848980789948939        1.5387057961037292     
   1.8956077271710012        1.5384028014602651     
   1.9063173753471085        1.5380995065384730     
   1.9170270235232159        1.5377959112292454     
   1.9277366716993232        1.5374920154235092     
   1.9384463198754307        1.5371878190122237     
   1.9491559680515380        1.5368833218863984     
   1.9598656162276453        1.5365785239370808     
   1.9705752644037526        1.5362734250553469     
   1.9812849125798599        1.5359680251323355     
   1.9919945607559673        1.5356623240592058     
   2.0027042089320748        1.5353563217271711     
   2.0134138571081821        1.5350500180274784     
   2.0241235052842894        1.5347434128514230     
   2.0348331534603967        1.5344365060903378     
   2.0455428016365040        1.5341292976355949     
   2.0562524498126113        1.5338217873786122     
   2.0669620979887187        1.5335139752108602     
   2.0776717461648260        1.5332058610238308     
   2.0883813943409337        1.5328974447090788     
   2.0990910425170410        1.5325887261581890     
   2.1098006906931484        1.5322797052628014     
   2.1205103388692557        1.5319703819145942     
   2.1312199870453630        1.5316607560052846     
   2.1419296352214703        1.5313508274266421     
   2.1526392833975776        1.5310405960704778     
   2.1633489315736849        1.5307300618286463     
   2.1740585797497922        1.5304192245930517     
   2.1847682279258995        1.5301080842556469     
   2.1954778761020068        1.5297966407084114     
   2.2061875242781146        1.5294848938433960     
   2.2168971724542219        1.5291728435526790     
   2.2276068206303292        1.5288604897283959     
   2.2383164688064365        1.5285478322627257     
   2.2490261169825438        1.5282348710478886     
   2.2597357651586512        1.5279216059761658     
   2.2704454133347585        1.5276080369398735     
   2.2811550615108658        1.5272941638313773     
   2.2918647096869731        1.5269799865431004     
   2.3025743578630804        1.5266655049675053     
   2.3132840060391877        1.5263507189971011     
   2.3239936542152950        1.5260356285244596     
   2.3347033023914028        1.5257202334421869     
   2.3454129505675101        1.5254045336429449     
   2.3561225987436174        1.5250885290194436     
   2.3668322469197247        1.5247722194644517     
   2.3775418950958320        1.5244556048707747     
   2.3882515432719393        1.5241386851312748     
   2.3989611914480466        1.5238214601388664     
   2.4096708396241540        1.5235039297865156     
   2.4203804878002613        1.5231860939672361     
   2.4310901359763686        1.5228679525740987     
   2.4417997841524759        1.5225495055002194     
   2.4525094323285836        1.5222307526387717     
   2.4632190805046910        1.5219116938829815     
   2.4739287286807983        1.5215923291261233     
   2.4846383768569056        1.5212726582615297     
   2.4953480250330129        1.5209526811825878     
   2.5060576732091202        1.5206323977827287     
   2.5167673213852275        1.5203118079554407     
   2.5274769695613348        1.5199909115942880     
   2.5381866177374421        1.5196697085928526     
   2.5488962659135495        1.5193481988447990     
   2.5596059140896568        1.5190263822438379     
   2.5703155622657645        1.5187042586837314     
   2.5810252104418718        1.5183818280583048     
   2.5917348586179791        1.5180590902614357     
   2.6024445067940865        1.5177360451870576     
   2.6131541549701938        1.5174126927291587     
   2.6238638031463011        1.5170890327817943     
   2.6345734513224084        1.5167650652390614     
   2.6452830994985157        1.5164407899951233     
   2.6559927476746230        1.5161162069442145     
   2.6667023958507303        1.5157913159805951     
   2.6774120440268376        1.5154661169986130     
   2.6881216922029454        1.5151406098926601     
   2.6988313403790527        1.5148147945571928     
   2.7095409885551600        1.5144886708867273     
   2.7202506367312673        1.5141622387758289     
   2.7309602849073746        1.5138354981191415     
   2.7416699330834819        1.5135084488113557     
   2.7523795812595893        1.5131810907472261     
   2.7630892294356966        1.5128534238215650     
   2.7737988776118039        1.5125254479292563     
   2.7845085257879112        1.5121971629652329     
   2.7952181739640185        1.5118685688244970     
   2.8059278221401263        1.5115396654021098     
   2.8166374703162336        1.5112104525932000     
   2.8273471184923409        1.5108809302929422     
   2.8380567666684482        1.5105510983966062     
   2.8487664148445555        1.5102209567994938     
   2.8594760630206628        1.5098905053969796     
   2.8701857111967701        1.5095597440845123     
   2.8808953593728774        1.5092286727576016     
   2.8916050075489848        1.5088972913118106     
   2.9023146557250921        1.5085655996427751     
   2.9130243039011994        1.5082335976461982     
   2.9237339520773071        1.5079012852178479     
   2.9344436002534144        1.5075686622535551     
   2.9451532484295218        1.5072357286492184     
   2.9558628966056291        1.5069024843008023     
   2.9665725447817364        1.5065689291043445     
   2.9772821929578437        1.5062350629559338     
   2.9879918411339510        1.5059008857517522     
   2.9987014893100583        1.5055663973880222     
   3.0094111374861656        1.5052315977610520     
   3.0201207856622729        1.5048964867672152     
   3.0308304338383802        1.5045610643029452     
   3.0415400820144880        1.5042253302647688     
   3.0522497301905953        1.5038892845492513     
   3.0629593783667026        1.5035529270530439     
   3.0736690265428099        1.5032162576728703     
   3.0843786747189172        1.5028792763055143     
   3.0950883228950246        1.5025419828478517     
   3.1057979710711319        1.5022043771968041     
   3.1165076192472392        1.5018664592493758     
   3.1272172674233465        1.5015282289026406     
   3.1379269155994538        1.5011896860537624     
   3.1486365637755611        1.5008508305999457     
   3.1593462119516689        1.5005116624384940     
   3.1700558601277762        1.5001721814667708     
   3.1807655083038835        1.4998323875822219     
   3.1914751564799908        1.4994922806823547     
   3.2021848046560981        1.4991518606647682     
   3.2128944528322054        1.4988111274271225     
   3.2236041010083127        1.4984700808671541     
   3.2343137491844201        1.4981287208826846     
   3.2450233973605274        1.4977870473716017     
   3.2557330455366347        1.4974450602318727     
   3.2664426937127420        1.4971027593615407     
   3.2771523418888493        1.4967601446587258     
   3.2878619900649571        1.4964172160216276     
   3.2985716382410644        1.4960739733485200     
   3.3092812864171717        1.4957304165377536     
   3.3199909345932790        1.4953865454877615     
   3.3307005827693863        1.4950423600970577     
   3.3414102309454936        1.4946978602642267     
   3.3521198791216009        1.4943530458879364     
   3.3628295272977082        1.4940079168669396     
   3.3735391754738155        1.4936624731000614     
   3.3842488236499229        1.4933167144862107     
   3.3949584718260302        1.4929706409243793     
   3.4056681200021379        1.4926242523136375     
   3.4163777681782452        1.4922775485531379     
   3.4270874163543525        1.4919305295421126     
   3.4377970645304599        1.4915831951798753     
   3.4485067127065672        1.4912355453658357     
   3.4592163608826745        1.4908875799994679     
   3.4699260090587818        1.4905392989803472     
   3.4806356572348891        1.4901907022081131     
   3.4913453054109964        1.4898417895825071     
   3.5020549535871037        1.4894925610033412     
   3.5127646017632110        1.4891430163705315     
   3.5234742499393188        1.4887931555840503     
   3.5341838981154261        1.4884429785439861     
   3.5448935462915334        1.4880924851504931     
   3.5556031944676407        1.4877416753038191     
   3.5663128426437480        1.4873905489043031     
   3.5770224908198553        1.4870391058523613     
   3.5877321389959627        1.4866873460485088     
   3.5984417871720700        1.4863352693933412     
   3.6091514353481773        1.4859828757875373     
   3.6198610835242846        1.4856301651318873     
   3.6305707317003919        1.4852771373272431     
   3.6412803798764997        1.4849237922745540     
   3.6519900280526070        1.4845701298748784     
   3.6626996762287143        1.4842161500293392     
   3.6734093244048216        1.4838618526391640     
   3.6841189725809289        1.4835072376056699     
   3.6948286207570362        1.4831523048302666     
   3.7055382689331435        1.4827970542144566     
   3.7162479171092508        1.4824414856598187     
   3.7269575652853582        1.4820855990680550     
   3.7376672134614655        1.4817293943409322     
   3.7483768616375728        1.4813728713803245     
   3.7590865098136805        1.4810160300881998     
   3.7697961579897878        1.4806588703666208     
   3.7805058061658952        1.4803013921177366     
   3.7912154543420025        1.4799435952437978     
   3.8019251025181098        1.4795854796471595     
   3.8126347506942171        1.4792270452302543     
   3.8233443988703244        1.4788682918956282     
   3.8340540470464317        1.4785092195459126     
   3.8447636952225390        1.4781498280838423     
   3.8554733433986463        1.4777901174122468     
   3.8661829915747536        1.4774300874340554     
   3.8768926397508614        1.4770697380522910     
   3.8876022879269687        1.4767090691700975     
   3.8983119361030760        1.4763480806906821     
   3.9090215842791833        1.4759867725173774     
   3.9197312324552906        1.4756251445536099     
   3.9304408806313980        1.4752631967029024     
   3.9411505288075053        1.4749009288688908     
   3.9518601769836126        1.4745383409552968     
   3.9625698251597199        1.4741754328659598     
   3.9732794733358272        1.4738122045048094     
   3.9839891215119345        1.4734486557758850     
   3.9946987696880423        1.4730847865833137     
   4.0054084178641496        1.4727205968313568     
   4.0161180660402565        1.4723560864243610     
   4.0268277142163642        1.4719912552667653     
   4.0375373623924711        1.4716261032631366     
   4.0482470105685788        1.4712606303181393     
   4.0589566587446866        1.4708948363365353     
   4.0696663069207935        1.4705287212232101     
   4.0803759550969012        1.4701622848831368     
   4.0910856032730081        1.4697955272214118     
   4.1017952514491158        1.4694284481432232     
   4.1125048996252227        1.4690610475538819     
   4.1232145478013305        1.4686933253588008     
   4.1339241959774373        1.4683252814635037     
   4.1446338441535451        1.4679569157736201     
   4.1553434923296519        1.4675882281948960     
   4.1660531405057597        1.4672192186331841     
   4.1767627886818675        1.4668498869944413     
   4.1874724368579743        1.4664802331847480     
   4.1981820850340821        1.4661102571102855     
   4.2088917332101889        1.4657399586773581     
   4.2196013813862967        1.4653693377923727     
   4.2303110295624036        1.4649983943618550     
   4.2410206777385113        1.4646271282924419     
   4.2517303259146182        1.4642555394908898     
   4.2624399740907259        1.4638836278640592     
   4.2731496222668328        1.4635113933189330     
   4.2838592704429406        1.4631388357626067     
   4.2945689186190483        1.4627659551022987     
   4.3052785667951552        1.4623927512453301     
   4.3159882149712629        1.4620192240991547     
   4.3266978631473698        1.4616453735713300     
   4.3374075113234776        1.4612711995695369     
   4.3481171594995844        1.4608967020015746     
   4.3588268076756922        1.4605218807753702     
   4.3695364558517991        1.4601467357989504     
   4.3802461040279068        1.4597712669804732     
   4.3909557522040137        1.4593954742282187     
   4.4016654003801214        1.4590193574505823     
   4.4123750485562292        1.4586429165560819     
   4.4230846967323361        1.4582661514533637     
   4.4337943449084438        1.4578890620511795     
   4.4445039930845507        1.4575116482584289     
   4.4552136412606584        1.4571339099841005     
   4.4659232894367653        1.4567558471373454     
   4.4766329376128731        1.4563774596274128     
   4.4873425857889799        1.4559987473636802     
   4.4980522339650877        1.4556197102556556     
   4.5087618821411946        1.4552403482129668     
   4.5194715303173023        1.4548606611453643     
   4.5301811784934101        1.4544806489627464     
   4.5408908266695169        1.4541003115751170     
   4.5516004748456247        1.4537196488926081     
   4.5623101230217316        1.4533386608254930     
   4.5730197711978393        1.4529573472841635     
   4.5837294193739462        1.4525757081791402     
   4.5944390675500539        1.4521937434210825     
   4.6051487157261608        1.4518114529207666     
   4.6158583639022686        1.4514288365891128     
   4.6265680120783754        1.4510458943371620     
   4.6372776602544832        1.4506626260760822     
   4.6479873084305900        1.4502790317171965     
   4.6586969566066978        1.4498951111719367     
   4.6694066047828056        1.4495108643518739     
   4.6801162529589124        1.4491262911687273     
   4.6908259011350202        1.4487413915343266     
   4.7015355493111270        1.4483561653606472     
   4.7122451974872348        1.4479706125598084     
   4.7229548456633417        1.4475847330440585     
   4.7336644938394494        1.4471985267257728     
   4.7443741420155563        1.4468119935174721     
   4.7550837901916641        1.4464251333318228     
   4.7657934383677709        1.4460379460816115     
   4.7765030865438787        1.4456504316797680     
   4.7872127347199864        1.4452625900393712     
   4.7979223828960933        1.4448744210736313     
   4.8086320310722011        1.4444859246959010     
   4.8193416792483079        1.4440971008196719     
   4.8300513274244157        1.4437079493585692     
   4.8407609756005225        1.4433184702263795     
   4.8514706237766303        1.4429286633370100     
   4.8621802719527372        1.4425385286045296     
   4.8728899201288449        1.4421480659431247     
   4.8835995683049518        1.4417572752671508     
   4.8943092164810595        1.4413661564910967     
   4.9050188646571673        1.4409747095296002     
   4.9157285128332742        1.4405829342974321     
   4.9264381610093819        1.4401908307095266     
   4.9371478091854888        1.4397983986809539     
   4.9478574573615965        1.4394056381269309     
   4.9585671055377034        1.4390125489628287     
   4.9692767537138112        1.4386191311041652     
   4.9799864018899180        1.4382253844665880     
   4.9906960500660258        1.4378313089659192     
   5.0014056982421327        1.4374369045181252     
   5.0121153464182404        1.4370421710393182     
   5.0228249945943482        1.4366471084457564     
   5.0335346427704550        1.4362517166538544     
   5.0442442909465628        1.4358559955801788     
   5.0549539391226697        1.4354599451414527     
   5.0656635872987774        1.4350635652545531     
   5.0763732354748843        1.4346668558364919     
   5.0870828836509920        1.4342698168044556     
   5.0977925318270989        1.4338724480757898     
   5.1085021800032067        1.4334747495679698     
   5.1192118281793135        1.4330767211986519     
   5.1299214763554213        1.4326783628856379     
   5.1406311245315290        1.4322796745468829     
   5.1513407727076359        1.4318806561005100     
   5.1620504208837437        1.4314813074647899     
   5.1727600690598505        1.4310816285581616     
   5.1834697172359583        1.4306816192992240     
   5.1941793654120652        1.4302812796067210     
   5.2048890135881729        1.4298806093995680     
   5.2155986617642798        1.4294796085968577     
   5.2263083099403875        1.4290782771178132     
   5.2370179581164944        1.4286766148818362     
   5.2477276062926022        1.4282746218084952     
   5.2584372544687099        1.4278722978175118     
   5.2691469026448168        1.4274696428287825     
   5.2798565508209245        1.4270666567623636     
   5.2905661989970314        1.4266633395384676     
   5.3012758471731392        1.4262596910774870     
   5.3119854953492460        1.4258557112999750     
   5.3226951435253538        1.4254514001266652     
   5.3334047917014606        1.4250467574784267     
   5.3441144398775684        1.4246417832763307     
   5.3548240880536753        1.4242364774415908     
   5.3655337362297830        1.4238308398956112     
   5.3762433844058908        1.4234248705599548     
   5.3869530325819976        1.4230185693563655     
   5.3976626807581054        1.4226119362067398     
   5.4083723289342123        1.4222049710331603     
   5.4190819771103200        1.4217976737578935     
   5.4297916252864269        1.4213900443033542     
   5.4405012734625346        1.4209820825921446     
   5.4512109216386415        1.4205737885470342     
   5.4619205698147493        1.4201651620909805     
   5.4726302179908561        1.4197562031471038     
   5.4833398661669639        1.4193469116387036     
   5.4940495143430716        1.4189372874892727     
   5.5047591625191785        1.4185273306224502     
   5.5154688106952863        1.4181170409620814     
   5.5261784588713931        1.4177064184321826     
   5.5368881070475009        1.4172954629569345     
   5.5475977552236078        1.4168841744607232     
   5.5583074033997155        1.4164725528680977     
   5.5690170515758224        1.4160605981037901     
   5.5797266997519301        1.4156483100927260     
   5.5904363479280370        1.4152356887600095     
   5.6011459961041448        1.4148227340309163     
   5.6118556442802525        1.4144094458309182     
   5.6225652924563594        1.4139958240856689     
   5.6332749406324671        1.4135818687209938     
   5.6439845888085740        1.4131675796629417     
   5.6546942369846818        1.4127529568376964     
   5.6654038851607886        1.4123380001716817     
   5.6761135333368964        1.4119227095914699     
   5.6868231815130033        1.4115070850238325     
   5.6975328296891110        1.4110911263957453     
   5.7082424778652179        1.4106748336343555     
   5.7189521260413256        1.4102582066670037     
   5.7296617742174334        1.4098412454212386     
   5.7403714223935403        1.4094239498247696     
   5.7510810705696480        1.4090063198055318     
   5.7617907187457549        1.4085883552916363     
   5.7725003669218626        1.4081700562113881     
   5.7832100150979695        1.4077514224932950     
   5.7939196632740773        1.4073324540660499     
   5.8046293114501841        1.4069131508585422     
   5.8153389596262919        1.4064935127998683     
   5.8260486078023987        1.4060735398193114     
   5.8367582559785065        1.4056532318463595     
   5.8474679041546143        1.4052325888107025     
   5.8581775523307211        1.4048116106422097     
   5.8688872005068289        1.4043902972709821     
   5.8795968486829358        1.4039686486272969     
   5.8903064968590435        1.4035466646416279     
   5.9010161450351504        1.4031243452446840     
   5.9117257932112581        1.4027016903673335     
   5.9224354413873650        1.4022786999406840     
   5.9331450895634728        1.4018553738960380     
   5.9438547377395796        1.4014317121648889     
   5.9545643859156874        1.4010077146789588     
   5.9652740340917951        1.4005833813701405     
   5.9759836822679020        1.4001587121705661     
   5.9866933304440098        1.3997337070125790     
   5.9974029786201166        1.3993083658287109     
   6.0081126267962244        1.3988826885516985     
   6.0188222749723312        1.3984566751145062     
   6.0295319231484390        1.3980303254502997     
   6.0402415713245459        1.3976036394924682     
   6.0509512195006536        1.3971766171745863     
   6.0616608676767605        1.3967492584304728     
   6.0723705158528682        1.3963215631941355     
   6.0830801640289760        1.3958935313998073     
   6.0937898122050829        1.3954651629819401     
   6.1044994603811906        1.3950364578751873     
   6.1152091085572975        1.3946074160144295     
   6.1259187567334052        1.3941780373347672     
   6.1366284049095121        1.3937483217714994     
   6.1473380530856199        1.3933182692601780     
   6.1580477012617267        1.3928878797365398     
   6.1687573494378345        1.3924571531365475     
   6.1794669976139414        1.3920260893964189     
   6.1901766457900491        1.3915946884525396     
   6.2008862939661569        1.3911629502415517     
   6.2115959421422637        1.3907308747003255     
   6.2223055903183715        1.3902984617659386     
   6.2330152384944784        1.3898657113756807     
   6.2437248866705861        1.3894326234670971     
   6.2544345348466930        1.3889991979779355     
   6.2651441830228007        1.3885654348461911     
   6.2758538311989076        1.3881313340100692     
   6.2865634793750154        1.3876968954080049     
   6.2972731275511222        1.3872621189786711     
   6.3079827757272300        1.3868270046609654     
   6.3186924239033377        1.3863915523940085     
   6.3294020720794446        1.3859557621171690     
   6.3401117202555524        1.3855196337700295     
   6.3508213684316592        1.3850831672924193     
   6.3615310166077670        1.3846463626244021     
   6.3722406647838739        1.3842092197062550     
   6.3829503129599816        1.3837717384785133     
   6.3936599611360885        1.3833339188819391     
   6.4043696093121962        1.3828957608575403     
   6.4150792574883031        1.3824572643465232     
   6.4257889056644109        1.3820184292903837     
   6.4364985538405177        1.3815792556308528     
   6.4472082020166255        1.3811397433098560     
   6.4579178501927332        1.3806998922695832     
   6.4686274983688401        1.3802597024525043     
   6.4793371465449479        1.3798191738012564     
   6.4900467947210547        1.3793783062587810     
   6.5007564428971625        1.3789370997682375     
   6.5114660910732693        1.3784955542730339     
   6.5221757392493771        1.3780536697168198     
   6.5328853874254840        1.3776114460434983     
   6.5435950356015917        1.3771688831972067     
   6.5543046837776986        1.3767259811223547     
   6.5650143319538063        1.3762827397635684     
   6.5757239801299141        1.3758391590657433     
   6.5864336283060210        1.3753952389740234     
   6.5971432764821287        1.3749509794338033     
   6.6078529246582356        1.3745063803907152     
   6.6185625728343433        1.3740614417906665     
   6.6292722210104502        1.3736161635798023     
   6.6399818691865580        1.3731705457045276     
   6.6506915173626648        1.3727245881114842     
   6.6614011655387726        1.3722782907476125     
   6.6721108137148795        1.3718316535600688     
   6.6828204618909872        1.3713846764962727     
   6.6935301100670950        1.3709373595039405     
   6.7042397582432018        1.3704897025309881     
   6.7149494064193096        1.3700417055256233     
   6.7256590545954165        1.3695933684363220     
   6.7363687027715242        1.3691446912118141     
   6.7470783509476311        1.3686956738010685     
   6.7577879991237388        1.3682463161533578     
   6.7684976472998457        1.3677966182181895     
   6.7792072954759535        1.3673465799453470     
   6.7899169436520603        1.3668962012848731     
   6.8006265918281681        1.3664454821870973     
   6.8113362400042758        1.3659944226025920     
   6.8220458881803827        1.3655430224821941     
   6.8327555363564905        1.3650912817770420     
   6.8434651845325973        1.3646392004385048     
   6.8541748327087051        1.3641867784182549     
   6.8648844808848120        1.3637340156682183     
   6.8755941290609197        1.3632809121406011     
   6.8863037772370266        1.3628274677878744     
   6.8970134254131343        1.3623736825627977     
   6.9077230735892412        1.3619195564183852     
   6.9184327217653490        1.3614650893079616     
   6.9291423699414567        1.3610102811850822     
   6.9398520181175636        1.3605551320036080     
   6.9505616662936713        1.3600996417176858     
   6.9612713144697782        1.3596438102817192     
   6.9719809626458860        1.3591876376504015     
   6.9826906108219928        1.3587311237787205     
   6.9934002589981006        1.3582742686219285     
   7.0041099071742074        1.3578170721355656     
   7.0148195553503152        1.3573595342754581     
   7.0255292035264221        1.3569016549977060     
   7.0362388517025298        1.3564434342587266     
   7.0469484998786376        1.3559848720151897     
   7.0576581480547445        1.3555259682240599     
   7.0683677962308522        1.3550667228426061     
   7.0790774444069591        1.3546071358283585     
   7.0897870925830668        1.3541472071391789     
   7.1004967407591737        1.3536869367331736     
   7.1112063889352815        1.3532263245687719     
   7.1219160371113883        1.3527653706046872     
   7.1326256852874961        1.3523040747999178     
   7.1433353334636029        1.3518424371137761     
   7.1540449816397107        1.3513804575058561     
   7.1647546298158185        1.3509181359360434     
   7.1754642779919253        1.3504554723645399     
   7.1861739261680331        1.3499924667518401     
   7.1968835743441399        1.3495291190587031     
   7.2075932225202477        1.3490654292462432     
   7.2183028706963546        1.3486013972758357     
   7.2290125188724623        1.3481370231091787     
   7.2397221670485692        1.3476723067082721     
   7.2504318152246769        1.3472072480354131     
   7.2611414634007838        1.3467418470531847     
   7.2718511115768916        1.3462761037245101     
   7.2825607597529993        1.3458100180126231     
   7.2932704079291062        1.3453435898810087     
   7.3039800561052139        1.3448768192935250     
   7.3146897042813208        1.3444097062143014     
   7.3253993524574286        1.3439422506077916     
   7.3361090006335354        1.3434744524387738     
   7.3468186488096432        1.3430063116722972     
   7.3575282969857501        1.3425378282737670     
   7.3682379451618578        1.3420690022088804     
   7.3789475933379647        1.3415998334436467     
   7.3896572415140724        1.3411303219444193     
   7.4003668896901802        1.3406604676778189     
   7.4110765378662871        1.3401902706108368     
   7.4217861860423948        1.3397197307107618     
   7.4324958342185017        1.3392488479452005     
   7.4432054823946094        1.3387776222820720     
   7.4539151305707163        1.3383060536896374     
   7.4646247787468241        1.3378341421364588     
   7.4753344269229309        1.3373618875914453     
   7.4860440750990387        1.3368892900238278     
   7.4967537232751456        1.3364163494031229     
   7.5074633714512533        1.3359430656992153     
   7.5181730196273611        1.3354694388823412     
   7.5288826678034679        1.3349954689229908     
   7.5395923159795757        1.3345211557920407     
   7.5503019641556826        1.3340464994606820     
   7.5610116123317903        1.3335714999004451     
   7.5717212605078972        1.3330961570831910     
   7.5824309086840049        1.3326204709810845     
   7.5931405568601118        1.3321444415666654     
   7.6038502050362196        1.3316680688128113     
   7.6145598532123264        1.3311913526926908     
   7.6252695013884342        1.3307142931798546     
   7.6359791495645419        1.3302368902481798     
   7.6466887977406488        1.3297591438718743     
   7.6573984459167566        1.3292810540254827     
   7.6681080940928634        1.3288026206839190     
   7.6788177422689712        1.3283238438224276     
   7.6895273904450780        1.3278447234165596     
   7.7002370386211858        1.3273652594422536     
   7.7109466867972927        1.3268854518758078     
   7.7216563349734004        1.3264053006938148     
   7.7323659831495073        1.3259248058732707     
   7.7430756313256150        1.3254439673914638     
   7.7537852795017228        1.3249627852260797     
   7.7644949276778297        1.3244812593551338     
   7.7752045758539374        1.3239993897569899     
   7.7859142240300443        1.3235171764103792     
   7.7966238722061521        1.3230346192943763     
   7.8073335203822589        1.3225517183884203     
   7.8180431685583667        1.3220684736722779     
   7.8287528167344735        1.3215848851261209     
   7.8394624649105813        1.3211009527304505     
   7.8501721130866882        1.3206166764661249     
   7.8608817612627959        1.3201320563143644     
   7.8715914094389037        1.3196470922567680     
   7.8823010576150105        1.3191617842752756     
   7.8930107057911183        1.3186761323521936     
   7.9037203539672252        1.3181901364702080     
   7.9144300021433329        1.3177037966123719     
   7.9251396503194398        1.3172171127620664     
   7.9358492984955475        1.3167300849031032     
   7.9465589466716544        1.3162427130195886     
   7.9572685948477622        1.3157549970960822     
   7.9679782430238690        1.3152669371174406     
   7.9786878911999768        1.3147785330689417     
   7.9893975393760845        1.3142897849362065     
   8.0001071875521923        1.3138006927052519     
   8.0108168357282992        1.3133112563624445     
   8.0215264839044060        1.3128214758945638     
   8.0322361320805129        1.3123313512887462     
   8.0429457802566215        1.3118408825325008     
   8.0536554284327284        1.3113500696137079     
   8.0643650766088353        1.3108589125206689     
   8.0750747247849421        1.3103674112420296     
   8.0857843729610508        1.3098755657668482     
   8.0964940211371577        1.3093833760845328     
   8.1072036693132645        1.3088908421848926     
   8.1179133174893732        1.3083979640581436     
   8.1286229656654800        1.3079047416948455     
   8.1393326138415869        1.3074111750860076     
   8.1500422620176938        1.3069172642229723     
   8.1607519101938024        1.3064230090974935     
   8.1714615583699093        1.3059284097017185     
   8.1821712065460162        1.3054334660282079     
   8.1928808547221230        1.3049381780698659     
   8.2035905028982317        1.3044425458200446     
   8.2143001510743385        1.3039465692724612     
   8.2250097992504454        1.3034502484212449     
   8.2357194474265540        1.3029535832609065     
   8.2464290956026609        1.3024565737863858     
   8.2571387437787678        1.3019592199930208     
   8.2678483919548746        1.3014615218765055     
   8.2785580401309833        1.3009634794329816     
   8.2892676883070902        1.3004650926589885     
   8.2999773364831970        1.2999663615514694     
   8.3106869846593039        1.2994672861077632     
   8.3213966328354125        1.2989678663256283     
   8.3321062810115194        1.2984681022032427     
   8.3428159291876263        1.2979679937391622     
   8.3535255773637349        1.2974675409323853     
   8.3642352255398418        1.2969667437823069     
   8.3749448737159486        1.2964656022887473     
   8.3856545218920555        1.2959641164519304     
   8.3963641700681642        1.2954622862724929     
   8.4070738182442710        1.2949601117515011     
   8.4177834664203779        1.2944575928904563     
   8.4284931145964848        1.2939547296912328     
   8.4392027627725934        1.2934515221561720     
   8.4499124109487003        1.2929479702879991     
   8.4606220591248071        1.2924440740898993     
   8.4713317073009158        1.2919398335654562     
   8.4820413554770226        1.2914352487186720     
   8.4927510036531295        1.2909303195540240     
   8.5034606518292364        1.2904250460763624     
   8.5141703000053450        1.2899194282909860     
   8.5248799481814519        1.2894134662036538     
   8.5355895963575588        1.2889071598204991     
   8.5462992445336656        1.2884005091481252     
   8.5570088927097743        1.2878935141935830     
   8.5677185408858811        1.2873861749643318     
   8.5784281890619880        1.2868784914682494     
   8.5891378372380967        1.2863704637137234     
   8.5998474854142035        1.2858620917094921     
   8.6105571335903104        1.2853533754647957     
   8.6212667817664173        1.2848443149892903     
   8.6319764299425259        1.2843349102930974     
   8.6426860781186328        1.2838251613867517     
   8.6533957262947396        1.2833150682812298     
   8.6641053744708465        1.2828046309880212     
   8.6748150226469551        1.2822938495189713     
   8.6855246708230620        1.2817827238864292     
   8.6962343189991689        1.2812712541031899     
   8.7069439671752775        1.2807594401824878     
   8.7176536153513844        1.2802472821380082     
   8.7283632635274913        1.2797347799839238     
   8.7390729117035981        1.2792219337348023     
   8.7497825598797068        1.2787087434057074     
   8.7604922080558136        1.2781952090121742     
   8.7712018562319205        1.2776813305701733     
   8.7819115044080274        1.2771671080961193     
   8.7926211525841360        1.2766525416069154     
   8.8033308007602429        1.2761376311199275     
   8.8140404489363497        1.2756223766529906     
   8.8247500971124584        1.2751067782243724     
   8.8354597452885653        1.2745908358528399     
   8.8461693934646721        1.2740745495576073     
   8.8568790416407790        1.2735579193583781     
   8.8675886898168876        1.2730409452753131     
   8.8782983379929945        1.2725236273290343     
   8.8890079861691014        1.2720059655406653     
   8.8997176343452082        1.2714879599317788     
   8.9104272825213169        1.2709696105244523     
   8.9211369306974238        1.2704509173411971     
   8.9318465788735306        1.2699318804050410     
   8.9425562270496393        1.2694124997394678     
   8.9532658752257461        1.2688927753684667     
   8.9639755234018530        1.2683727073164779     
   8.9746851715779599        1.2678522956084488     
   8.9853948197540685        1.2673315402698078     
   8.9961044679301754        1.2668104413264694     
   9.0068141161062822        1.2662889988048169     
   9.0175237642823891        1.2657672127317536     
   9.0282334124584978        1.2652450831346671     
   9.0389430606346046        1.2647226100413897     
   9.0496527088107115        1.2641997934803089     
   9.0603623569868201        1.2636766334802849     
   9.0710720051629270        1.2631531300706784     
   9.0817816533390339        1.2626292832813291     
   9.0924913015151407        1.2621050931425777     
   9.1032009496912494        1.2615805596852552     
   9.1139105978673562        1.2610556829407416     
   9.1246202460434631        1.2605304629408920     
   9.1353298942195700        1.2600048997180462     
   9.1460395423956786        1.2594789933050548     
   9.1567491905717855        1.2589527437353099     
   9.1674588387478924        1.2584261510426666     
   9.1781684869239992        1.2578992152615152     
   9.1888781351001079        1.2573719364267331     
   9.1995877832762147        1.2568443145737553     
   9.2102974314523216        1.2563163497385021     
   9.2210070796284302        1.2557880419573459     
   9.2317167278045371        1.2552593912673213     
   9.2424263759806440        1.2547303977058284     
   9.2531360241567508        1.2542010613109125     
   9.2638456723328595        1.2536713821210277     
   9.2745553205089664        1.2531413601752788     
   9.2852649686850732        1.2526109955130986     
   9.2959746168611801        1.2520802881746582     
   9.3066842650372887        1.2515492382005138     
   9.3173939132133956        1.2510178456318253     
   9.3281035613895025        1.2504861105102427     
   9.3388132095656111        1.2499540328779615     
   9.3495228577417180        1.2494216127776849     
   9.3602325059178249        1.2488888502526592     
   9.3709421540939317        1.2483557453466916     
   9.3816518022700404        1.2478222981040965     
   9.3923614504461472        1.2472885085697412     
   9.4030710986222541        1.2467543767889950     
   9.4137807467983610        1.2462199028078536     
   9.4244903949744696        1.2456850866727527     
   9.4352000431505765        1.2451499284307357     
   9.4459096913266833        1.2446144281293532     
   9.4566193395027920        1.2440785858167436     
   9.4673289876788989        1.2435424015415797     
   9.4780386358550057        1.2430058753530213     
   9.4887482840311126        1.2424690073008724     
   9.4994579322072212        1.2419317974354205     
   9.5101675803833281        1.2413942458075453     
   9.5208772285594350        1.2408563524686560     
   9.5315868767355418        1.2403181174707703     
   9.5422965249116505        1.2397795408663530     
   9.5530061730877573        1.2392406227086021     
   9.5637158212638642        1.2387013630510639     
   9.5744254694399729        1.2381617619480192     
   9.5851351176160797        1.2376218194542252     
   9.5958447657921866        1.2370815356250167     
   9.6065544139682935        1.2365409105163401     
   9.6172640621444021        1.2359999441846217     
   9.6279737103205090        1.2354586366869929     
   9.6386833584966158        1.2349169880810211     
   9.6493930066727227        1.2343749984248888     
   9.6601026548488313        1.2338326677773963     
   9.6708123030249382        1.2332899961978443     
   9.6815219512010451        1.2327469837462059     
   9.6922315993771537        1.2322036304829516     
   9.7029412475532606        1.2316599364691694     
   9.7136508957293675        1.2311159017664803     
   9.7243605439054743        1.2305715264372079     
   9.7350701920815830        1.2300268105440970     
   9.7457798402576898        1.2294817541506575     
   9.7564894884337967        1.2289363573207959     
   9.7671991366099036        1.2283906201191734     
   9.7779087847860122        1.2278445426109299     
   9.7886184329621191        1.2272981248618811     
   9.7993280811382260        1.2267513669383521     
   9.8100377293143346        1.2262042689073438     
   9.8207473774904415        1.2256568308364129     
   9.8314570256665483        1.2251090527937241     
   9.8421666738426552        1.2245609348480226     
   9.8528763220187638        1.2240124770686669     
   9.8635859701948707        1.2234636795256639     
   9.8742956183709776        1.2229145422895531     
   9.8850052665470844        1.2223650654315166     
   9.8957149147231931        1.2218152490233662     
   9.9064245628993000        1.2212650931374600     
   9.9171342110754068        1.2207145978468275     
   9.9278438592515155        1.2201637632251079     
   9.9385535074276223        1.2196125893464913     
   9.9492631556037292        1.2190610762859382     
   9.9599728037798361        1.2185092241187596     
   9.9706824519559447        1.2179570329211793     
   9.9813921001320516        1.2174045027698353     
   9.9921017483081584        1.2168516337420545     
   10.002811396484265        1.2162984259158498     
   10.013521044660374        1.2157448793697765     
   10.024230692836481        1.2151909941829808     
   10.034940341012588        1.2146367704354419     
   10.045649989188696        1.2140822082075413     
   10.056359637364803        1.2135273075803958     
   10.067069285540910        1.2129720686357750     
   10.077778933717017        1.2124164914560043     
   10.088488581893126        1.2118605761240304     
   10.099198230069232        1.2113043227236708     
   10.109907878245339        1.2107477313391324     
   10.120617526421446        1.2101908020552898     
   10.131327174597555        1.2096335349578038     
   10.142036822773662        1.2090759301329155     
   10.152746470949769        1.2085179876673930     
   10.163456119125877        1.2079597076487989     
   10.174165767301984        1.2074010901653507     
   10.184875415478091        1.2068421353057990     
   10.195585063654198        1.2062828431596366     
   10.206294711830306        1.2057232138170417     
   10.217004360006413        1.2051632473687446     
   10.227714008182520        1.2046029439063186     
   10.238423656358627        1.2040423035216470     
   10.249133304534736        1.2034813263077107     
   10.259842952710843        1.2029200123578554     
   10.270552600886949        1.2023583617661446     
   10.281262249063058        1.2017963746274576     
   10.291971897239165        1.2012340510372004     
   10.302681545415272        1.2006713910913347     
   10.313391193591379        1.2001083948868081     
   10.324100841767487        1.1995450625210675     
   10.334810489943594        1.1989813940921499     
   10.345520138119701        1.1984173896990842     
   10.356229786295808        1.1978530494411177     
   10.366939434471917        1.1972883734185307     
   10.377649082648023        1.1967233617321187     
   10.388358730824130        1.1961580144834691     
   10.399068379000239        1.1955923317749135     
   10.409778027176346        1.1950263137092165     
   10.420487675352453        1.1944599603900639     
   10.431197323528560        1.1938932719217283     
   10.441906971704668        1.1933262484091480     
   10.452616619880775        1.1927588899581956     
   10.463326268056882        1.1921911966751169     
   10.474035916232989        1.1916231686668832     
   10.484745564409097        1.1910548060415593     
   10.495455212585204        1.1904861089074428     
   10.506164860761311        1.1899170773737213     
   10.516874508937420        1.1893477115504592     
   10.527584157113527        1.1887780115482829     
   10.538293805289634        1.1882079774781731     
   10.549003453465740        1.1876376094525425     
   10.559713101641849        1.1870669075838893     
   10.570422749817956        1.1864958719859386     
   10.581132397994063        1.1859245027723904     
   10.591842046170170        1.1853528000587219     
   10.602551694346278        1.1847807639602044     
   10.613261342522385        1.1842083945935336     
   10.623970990698492        1.1836356920751134     
   10.634680638874601        1.1830626565234217     
   10.645390287050708        1.1824892880564939     
   10.656099935226814        1.1819155867937179     
   10.666809583402921        1.1813415528556430     
   10.677519231579030        1.1807671863624392     
   10.688228879755137        1.1801924874368057     
   10.698938527931244        1.1796174561969974     
