   0.0000000000000000        1.8651314476451299     
  1.07096481761073514E-002   1.8651314476451299     
  2.14192963522147027E-002   1.8651314476451299     
  3.21289445283220523E-002   1.8651314476451299     
  4.28385927044294054E-002   1.8651314476451299     
  5.35482408805367585E-002   1.8651314476451299     
  6.42578890566441047E-002   1.8651314476451299     
  7.49675372327514578E-002   1.8651314476451299     
  8.56771854088588108E-002   1.8651314476451299     
  9.63868335849661639E-002   1.8651314476451299     
  0.10709648176107352        1.8651314476451299     
  0.11780612993718087        1.8651314476451299     
  0.12851577811328821        1.8651314476451299     
  0.13922542628939558        1.8651314476451299     
  0.14993507446550292        1.8651314476451299     
  0.16064472264161028        1.8651314476451299     
  0.17135437081771762        1.8651314476451299     
  0.18206401899382496        1.8651314476451299     
  0.19277366716993233        1.8651314476451299     
  0.20348331534603967        1.8651314476451299     
  0.21419296352214703        1.8651314476451299     
  0.22490261169825437        1.8651314476451299     
  0.23561225987436174        1.8651314476451299     
  0.24632190805046908        1.8651314476451299     
  0.25703155622657642        1.8651314476451299     
  0.26774120440268379        1.8651314476451299     
  0.27845085257879115        1.8651314476451299     
  0.28916050075489846        1.8651314476451299     
  0.29987014893100583        1.8651314476451299     
  0.31057979710711320        1.8651314476451299     
  0.32128944528322056        1.8651314476451299     
  0.33199909345932788        1.8651314476451299     
  0.34270874163543524        1.8651314476451299     
  0.35341838981154261        1.8651314476451299     
  0.36412803798764992        1.8651314476451299     
  0.37483768616375729        1.8651314476451299     
  0.38554733433986466        1.8651314476451299     
  0.39625698251597202        1.8651314476451299     
  0.40696663069207933        1.8651314476451299     
  0.41767627886818670        1.8651314476451299     
  0.42838592704429407        1.8651314476451299     
  0.43909557522040138        1.8651314476451299     
  0.44980522339650875        1.8651314476451299     
  0.46051487157261611        1.8651314476451299     
  0.47122451974872348        1.8651314476451299     
  0.48193416792483079        1.8651314476451299     
  0.49264381610093816        1.8651314476451299     
  0.50335346427704553        1.8651314476451299     
  0.51406311245315284        1.8651314476451299     
  0.52477276062926026        1.8651314476451299     
  0.53548240880536757        1.8651314476451299     
  0.54619205698147488        1.8651314476451299     
  0.55690170515758231        1.8651314476451299     
  0.56761135333368962        1.8651314476451299     
  0.57832100150979693        1.8651314476451299     
  0.58903064968590435        1.8651314476451299     
  0.59974029786201166        1.8651314476451299     
  0.61044994603811897        1.8651314476451299     
  0.62115959421422640        1.8651314476451299     
  0.63186924239033371        1.8651314476451299     
  0.64257889056644113        1.8651314476451299     
  0.65328853874254844        1.8651314476451299     
  0.66399818691865575        1.8651314476451299     
  0.67470783509476318        1.8651314476451299     
  0.68541748327087049        1.8651314476451299     
  0.69612713144697780        1.8651314476451299     
  0.70683677962308522        1.8651314476451299     
  0.71754642779919253        1.8651314476451299     
  0.72825607597529984        1.8651314476451299     
  0.73896572415140727        1.8651314476451299     
  0.74967537232751458        1.8651314476451299     
  0.76038502050362200        1.8651314476451299     
  0.77109466867972931        1.8651314476451299     
  0.78180431685583662        1.8651314476451299     
  0.79251396503194405        1.8651314476451299     
  0.80322361320805136        1.8651314476451299     
  0.81393326138415867        1.8651314476451299     
  0.82464290956026609        1.8651314476451299     
  0.83535255773637340        1.8651314476451299     
  0.84606220591248071        1.8651314476451299     
  0.85677185408858814        1.8651314476451299     
  0.86748150226469545        1.8651314476451299     
  0.87819115044080276        1.8651314476451299     
  0.88890079861691018        1.8651314476451299     
  0.89961044679301749        1.8651314476451299     
  0.91032009496912492        1.8651314476451299     
  0.92102974314523223        1.8651314476451299     
  0.93173939132133954        1.8651314476451299     
  0.94244903949744696        1.8651314476451299     
  0.95315868767355427        1.8651314476451299     
  0.96386833584966158        1.8651314476451299     
  0.97457798402576901        1.8651314476451299     
  0.98528763220187632        1.8651314476451299     
  0.99599728037798363        1.8651314476451299     
   1.0067069285540911        1.8651314476451299     
   1.0174165767301984        1.8651314476451299     
   1.0281262249063057        1.8651314476451299     
   1.0388358730824130        1.8651314476451299     
   1.0495455212585205        1.8651314476451299     
   1.0602551694346278        1.8651314476451299     
   1.0709648176107351        1.8651314476451299     
   1.0816744657868425        1.8651314476451299     
   1.0923841139629498        1.8651314476451299     
   1.1030937621390573        1.8651314476451299     
   1.1138034103151646        1.8651314476451299     
   1.1245130584912719        1.8651314476451299     
   1.1352227066673792        1.8651314476451299     
   1.1459323548434865        1.8651314476451299     
   1.1566420030195939        1.8651314476451299     
   1.1673516511957014        1.8651314476451299     
   1.1780612993718087        1.8651314476451299     
   1.1887709475479160        1.8651314476451299     
   1.1994805957240233        1.8651314476451299     
   1.2101902439001306        1.8651314476451299     
   1.2208998920762379        1.8651314476451299     
   1.2316095402523455        1.8651314476451299     
   1.2423191884284528        1.8651314476451299     
   1.2530288366045601        1.8651314476451299     
   1.2637384847806674        1.8651314476451299     
   1.2744481329567747        1.8651314476451299     
   1.2851577811328823        1.8651314476451299     
   1.2958674293089896        1.8651314476451299     
   1.3065770774850969        1.8651314476451299     
   1.3172867256612042        1.8651314476451299     
   1.3279963738373115        1.8651314476451299     
   1.3387060220134188        1.8651314476451299     
   1.3494156701895264        1.8651314476451299     
   1.3601253183656337        1.8651314476451299     
   1.3708349665417410        1.8651314476451299     
   1.3815446147178483        1.8651314476451299     
   1.3922542628939556        1.8651314476451299     
   1.4029639110700631        1.8651314476451299     
   1.4136735592461704        1.8651314476451299     
   1.4243832074222778        1.8651314476451299     
   1.4350928555983851        1.8651314476451299     
   1.4458025037744924        1.8651314476451299     
   1.4565121519505997        1.8651314476451299     
   1.4672218001267072        1.8651314476451299     
   1.4779314483028145        1.8651314476451299     
   1.4886410964789218        1.8651314476451299     
   1.4993507446550292        1.8651314476451299     
   1.5100603928311365        1.8651314476451299     
   1.5207700410072440        1.8651314476451299     
   1.5314796891833513        1.8651314476451299     
   1.5421893373594586        1.8651314476451299     
   1.5528989855355659        1.8651314476451299     
   1.5636086337116732        1.8651314476451299     
   1.5743182818877806        1.8651314476451299     
   1.5850279300638881        1.8651314476451299     
   1.5957375782399954        1.8651314476451299     
   1.6064472264161027        1.8651314476451299     
   1.6171568745922100        1.8651314476451299     
   1.6278665227683173        1.8651314476451299     
   1.6385761709444246        1.8651314476451299     
   1.6492858191205322        1.8651314476451299     
   1.6599954672966395        1.8651314476451299     
   1.6707051154727468        1.8651314476451299     
   1.6814147636488541        1.8651314476451299     
   1.6921244118249614        1.8651314476451299     
   1.7028340600010690        1.8651314476451299     
   1.7135437081771763        1.8651314476451299     
   1.7242533563532836        1.8651314476451299     
   1.7349630045293909        1.8651314476451299     
   1.7456726527054982        1.8651314476451299     
   1.7563823008816055        1.8651314476451299     
   1.7670919490577131        1.8651314476451299     
   1.7778015972338204        1.8651314476451299     
   1.7885112454099277        1.8651314476451299     
   1.7992208935860350        1.8651314476451299     
   1.8099305417621423        1.8651314476451299     
   1.8206401899382498        1.8651314476451299     
   1.8313498381143571        1.8651314476451299     
   1.8420594862904645        1.8651314476451299     
   1.8527691344665718        1.8651314476451299     
   1.8634787826426791        1.8651314476451299     
   1.8741884308187864        1.8651314476451299     
   1.8848980789948939        1.8651314476451299     
   1.8956077271710012        1.8651314476451299     
   1.9063173753471085        1.8651314476451299     
   1.9170270235232159        1.8651314476451299     
   1.9277366716993232        1.8651314476451299     
   1.9384463198754307        1.8651314476451299     
   1.9491559680515380        1.8651314476451299     
   1.9598656162276453        1.8651314476451299     
   1.9705752644037526        1.8651314476451299     
   1.9812849125798599        1.8651314476451299     
   1.9919945607559673        1.8651314476451299     
   2.0027042089320748        1.8651314476451299     
   2.0134138571081821        1.8651314476451299     
   2.0241235052842894        1.8651314476451299     
   2.0348331534603967        1.8651314476451299     
   2.0455428016365040        1.8651314476451299     
   2.0562524498126113        1.8651314476451299     
   2.0669620979887187        1.8651314476451299     
   2.0776717461648260        1.8651314476451299     
   2.0883813943409337        1.8651314476451299     
   2.0990910425170410        1.8651314476451299     
   2.1098006906931484        1.8651314476451299     
   2.1205103388692557        1.8651314476451299     
   2.1312199870453630        1.8651314476451299     
   2.1419296352214703        1.8651314476451299     
   2.1526392833975776        1.8651314476451299     
   2.1633489315736849        1.8651314476451299     
   2.1740585797497922        1.8651314476451299     
   2.1847682279258995        1.8651314476451299     
   2.1954778761020068        1.8651314476451299     
   2.2061875242781146        1.8651314476451299     
   2.2168971724542219        1.8651314476451299     
   2.2276068206303292        1.8651314476451299     
   2.2383164688064365        1.8651314476451299     
   2.2490261169825438        1.8651314476451299     
   2.2597357651586512        1.8651314476451299     
   2.2704454133347585        1.8651314476451299     
   2.2811550615108658        1.8651314476451299     
   2.2918647096869731        1.8651314476451299     
   2.3025743578630804        1.8651314476451299     
   2.3132840060391877        1.8651314476451299     
   2.3239936542152950        1.8651314476451299     
   2.3347033023914028        1.8651314476451299     
   2.3454129505675101        1.8651314476451299     
   2.3561225987436174        1.8651314476451299     
   2.3668322469197247        1.8651314476451299     
   2.3775418950958320        1.8651314476451299     
   2.3882515432719393        1.8651314476451299     
   2.3989611914480466        1.8651314476451299     
   2.4096708396241540        1.8651314476451299     
   2.4203804878002613        1.8651314476451299     
   2.4310901359763686        1.8651314476451299     
   2.4417997841524759        1.8651314476451299     
   2.4525094323285836        1.8651314476451299     
   2.4632190805046910        1.8651314476451299     
   2.4739287286807983        1.8651314476451299     
   2.4846383768569056        1.8651314476451299     
   2.4953480250330129        1.8651314476451299     
   2.5060576732091202        1.8651314476451299     
   2.5167673213852275        1.8651314476451299     
   2.5274769695613348        1.8651314476451299     
   2.5381866177374421        1.8651314476451299     
   2.5488962659135495        1.8651314476451299     
   2.5596059140896568        1.8651314476451299     
   2.5703155622657645        1.8651314476451299     
   2.5810252104418718        1.8651314476451299     
   2.5917348586179791        1.8651314476451299     
   2.6024445067940865        1.8651314476451299     
   2.6131541549701938        1.8651314476451299     
   2.6238638031463011        1.8651314476451299     
   2.6345734513224084        1.8651314476451299     
   2.6452830994985157        1.8651314476451299     
   2.6559927476746230        1.8651314476451299     
   2.6667023958507303        1.8651314476451299     
   2.6774120440268376        1.8651314476451299     
   2.6881216922029454        1.8651314476451299     
   2.6988313403790527        1.8651314476451299     
   2.7095409885551600        1.8651314476451299     
   2.7202506367312673        1.8651314476451299     
   2.7309602849073746        1.8651314476451299     
   2.7416699330834819        1.8651314476451299     
   2.7523795812595893        1.8651314476451299     
   2.7630892294356966        1.8651314476451299     
   2.7737988776118039        1.8651314476451299     
   2.7845085257879112        1.8651314476451299     
   2.7952181739640185        1.8651314476451299     
   2.8059278221401263        1.8651314476451299     
   2.8166374703162336        1.8651314476451299     
   2.8273471184923409        1.8651314476451299     
   2.8380567666684482        1.8651314476451299     
   2.8487664148445555        1.8651314476451299     
   2.8594760630206628        1.8651314476451299     
   2.8701857111967701        1.8651314476451299     
   2.8808953593728774        1.8651314476451299     
   2.8916050075489848        1.8651314476451299     
   2.9023146557250921        1.8651314476451299     
   2.9130243039011994        1.8651314476451299     
   2.9237339520773071        1.8651314476451299     
   2.9344436002534144        1.8651314476451299     
   2.9451532484295218        1.8651314476451299     
   2.9558628966056291        1.8651314476451299     
   2.9665725447817364        1.8651314476451299     
   2.9772821929578437        1.8651314476451299     
   2.9879918411339510        1.8651314476451299     
   2.9987014893100583        1.8651314476451299     
   3.0094111374861656        1.8651314476451299     
   3.0201207856622729        1.8651314476451299     
   3.0308304338383802        1.8651314476451299     
   3.0415400820144880        1.8651314476451299     
   3.0522497301905953        1.8651314476451299     
   3.0629593783667026        1.8651314476451299     
   3.0736690265428099        1.8651314476451299     
   3.0843786747189172        1.8651314476451299     
   3.0950883228950246        1.8651314476451299     
   3.1057979710711319        1.8651314476451299     
   3.1165076192472392        1.8651314476451299     
   3.1272172674233465        1.8651314476451299     
   3.1379269155994538        1.8651314476451299     
   3.1486365637755611        1.8651314476451299     
   3.1593462119516689        1.8651314476451299     
   3.1700558601277762        1.8651314476451299     
   3.1807655083038835        1.8651314476451299     
   3.1914751564799908        1.8651314476451299     
   3.2021848046560981        1.8651314476451299     
   3.2128944528322054        1.8651314476451299     
   3.2236041010083127        1.8651314476451299     
   3.2343137491844201        1.8651314476451299     
   3.2450233973605274        1.8651314476451299     
   3.2557330455366347        1.8651314476451299     
   3.2664426937127420        1.8651314476451299     
   3.2771523418888493        1.8651314476451299     
   3.2878619900649571        1.8651314476451299     
   3.2985716382410644        1.8651314476451299     
   3.3092812864171717        1.8651314476451299     
   3.3199909345932790        1.8651314476451299     
   3.3307005827693863        1.8651314476451299     
   3.3414102309454936        1.8651314476451299     
   3.3521198791216009        1.8651314476451299     
   3.3628295272977082        1.8651314476451299     
   3.3735391754738155        1.8651314476451299     
   3.3842488236499229        1.8651314476451299     
   3.3949584718260302        1.8651314476451299     
   3.4056681200021379        1.8651314476451299     
   3.4163777681782452        1.8651314476451299     
   3.4270874163543525        1.8651314476451299     
   3.4377970645304599        1.8651314476451299     
   3.4485067127065672        1.8651314476451299     
   3.4592163608826745        1.8651314476451299     
   3.4699260090587818        1.8651314476451299     
   3.4806356572348891        1.8651314476451299     
   3.4913453054109964        1.8651314476451299     
   3.5020549535871037        1.8651314476451299     
   3.5127646017632110        1.8651314476451299     
   3.5234742499393188        1.8651314476451299     
   3.5341838981154261        1.8651314476451299     
   3.5448935462915334        1.8651314476451299     
   3.5556031944676407        1.8651314476451299     
   3.5663128426437480        1.8651314476451299     
   3.5770224908198553        1.8651314476451299     
   3.5877321389959627        1.8651314476451299     
   3.5984417871720700        1.8651314476451299     
   3.6091514353481773        1.8651314476451299     
   3.6198610835242846        1.8651314476451299     
   3.6305707317003919        1.8651314476451299     
   3.6412803798764997        1.8651314476451299     
   3.6519900280526070        1.8651314476451299     
   3.6626996762287143        1.8651314476451299     
   3.6734093244048216        1.8651314476451299     
   3.6841189725809289        1.8651314476451299     
   3.6948286207570362        1.8651314476451299     
   3.7055382689331435        1.8651314476451299     
   3.7162479171092508        1.8651314476451299     
   3.7269575652853582        1.8651314476451299     
   3.7376672134614655        1.8651314476451299     
   3.7483768616375728        1.8651314476451299     
   3.7590865098136805        1.8651314476451299     
   3.7697961579897878        1.8651314476451299     
   3.7805058061658952        1.8651314476451299     
   3.7912154543420025        1.8651314476451299     
   3.8019251025181098        1.8651314476451299     
   3.8126347506942171        1.8651314476451299     
   3.8233443988703244        1.8651314476451299     
   3.8340540470464317        1.8651314476451299     
   3.8447636952225390        1.8651314476451299     
   3.8554733433986463        1.8651314476451299     
   3.8661829915747536        1.8651314476451299     
   3.8768926397508614        1.8651314476451299     
   3.8876022879269687        1.8651314476451299     
   3.8983119361030760        1.8651314476451299     
   3.9090215842791833        1.8651314476451299     
   3.9197312324552906        1.8651314476451299     
   3.9304408806313980        1.8651314476451299     
   3.9411505288075053        1.8651314476451299     
   3.9518601769836126        1.8651314476451299     
   3.9625698251597199        1.8651314476451299     
   3.9732794733358272        1.8651314476451299     
   3.9839891215119345        1.8651314476451299     
   3.9946987696880423        1.8651314476451299     
   4.0054084178641496        1.8651314476451299     
   4.0161180660402565        1.8651314476451299     
   4.0268277142163642        1.8651314476451299     
   4.0375373623924711        1.8651314476451299     
   4.0482470105685788        1.8651314476451299     
   4.0589566587446866        1.8651314476451299     
   4.0696663069207935        1.8651314476451299     
   4.0803759550969012        1.8651314476451299     
   4.0910856032730081        1.8651314476451299     
   4.1017952514491158        1.8651314476451299     
   4.1125048996252227        1.8651314476451299     
   4.1232145478013305        1.8651314476451299     
   4.1339241959774373        1.8651314476451299     
   4.1446338441535451        1.8651314476451299     
   4.1553434923296519        1.8651314476451299     
   4.1660531405057597        1.8651314476451299     
   4.1767627886818675        1.8651314476451299     
   4.1874724368579743        1.8651314476451299     
   4.1981820850340821        1.8651314476451299     
   4.2088917332101889        1.8651314476451299     
   4.2196013813862967        1.8651314476451299     
   4.2303110295624036        1.8651314476451299     
   4.2410206777385113        1.8651314476451299     
   4.2517303259146182        1.8651314476451299     
   4.2624399740907259        1.8651314476451299     
   4.2731496222668328        1.8651314476451299     
   4.2838592704429406        1.8651314476451299     
   4.2945689186190483        1.8651314476451299     
   4.3052785667951552        1.8651314476451299     
   4.3159882149712629        1.8651314476451299     
   4.3266978631473698        1.8651314476451299     
   4.3374075113234776        1.8651314476451299     
   4.3481171594995844        1.8651314476451299     
   4.3588268076756922        1.8651314476451299     
   4.3695364558517991        1.8651314476451299     
   4.3802461040279068        1.8651314476451299     
   4.3909557522040137        1.8651314476451299     
   4.4016654003801214        1.8651314476451299     
   4.4123750485562292        1.8651314476451299     
   4.4230846967323361        1.8651314476451299     
   4.4337943449084438        1.8651314476451299     
   4.4445039930845507        1.8651314476451299     
   4.4552136412606584        1.8651314476451299     
   4.4659232894367653        1.8651314476451299     
   4.4766329376128731        1.8651314476451299     
   4.4873425857889799        1.8651314476451299     
   4.4980522339650877        1.8651314476451299     
   4.5087618821411946        1.8651314476451299     
   4.5194715303173023        1.8651314476451299     
   4.5301811784934101        1.8651314476451299     
   4.5408908266695169        1.8651314476451299     
   4.5516004748456247        1.8651314476451299     
   4.5623101230217316        1.8651314476451299     
   4.5730197711978393        1.8651314476451299     
   4.5837294193739462        1.8651314476451299     
   4.5944390675500539        1.8651314476451299     
   4.6051487157261608        1.8651314476451299     
   4.6158583639022686        1.8651314476451299     
   4.6265680120783754        1.8651314476451299     
   4.6372776602544832        1.8651314476451299     
   4.6479873084305900        1.8651314476451299     
   4.6586969566066978        1.8651314476451299     
   4.6694066047828056        1.8651314476451299     
   4.6801162529589124        1.8651314476451299     
   4.6908259011350202        1.8651314476451299     
   4.7015355493111270        1.8651314476451299     
   4.7122451974872348        1.8651314476451299     
   4.7229548456633417        1.8651314476451299     
   4.7336644938394494        1.8651314476451299     
   4.7443741420155563        1.8651314476451299     
   4.7550837901916641        1.8651314476451299     
   4.7657934383677709        1.8651314476451299     
   4.7765030865438787        1.8651314476451299     
   4.7872127347199864        1.8651314476451299     
   4.7979223828960933        1.8651314476451299     
   4.8086320310722011        1.8651314476451299     
   4.8193416792483079        1.8651314476451299     
   4.8300513274244157        1.8651314476451299     
   4.8407609756005225        1.8651314476451299     
   4.8514706237766303        1.8651314476451299     
   4.8621802719527372        1.8651314476451299     
   4.8728899201288449        1.8651314476451299     
   4.8835995683049518        1.8651314476451299     
   4.8943092164810595        1.8651314476451299     
   4.9050188646571673        1.8651314476451299     
   4.9157285128332742        1.8651314476451299     
   4.9264381610093819        1.8651314476451299     
   4.9371478091854888        1.8651314476451299     
   4.9478574573615965        1.8651314476451299     
   4.9585671055377034        1.8651314476451299     
   4.9692767537138112        1.8651314476451299     
   4.9799864018899180        1.8651314476451299     
   4.9906960500660258        1.8651314476451299     
   5.0014056982421327        1.8651314476451299     
   5.0121153464182404        1.8651314476451299     
   5.0228249945943482        1.8651314476451299     
   5.0335346427704550        1.8651314476451299     
   5.0442442909465628        1.8651314476451299     
   5.0549539391226697        1.8651314476451299     
   5.0656635872987774        1.8651314476451299     
   5.0763732354748843        1.8651314476451299     
   5.0870828836509920        1.8651314476451299     
   5.0977925318270989        1.8651314476451299     
   5.1085021800032067        1.8651314476451299     
   5.1192118281793135        1.8651314476451299     
   5.1299214763554213        1.8651314476451299     
   5.1406311245315290        1.8651314476451299     
   5.1513407727076359        1.8651314476451299     
   5.1620504208837437        1.8651314476451299     
   5.1727600690598505        1.8651314476451299     
   5.1834697172359583        1.8651314476451299     
   5.1941793654120652        1.8651314476451299     
   5.2048890135881729        1.8651314476451299     
   5.2155986617642798        1.8651314476451299     
   5.2263083099403875        1.8651314476451299     
   5.2370179581164944        1.8651314476451299     
   5.2477276062926022        1.8651314476451299     
   5.2584372544687099        1.8651314476451299     
   5.2691469026448168        1.8651314476451299     
   5.2798565508209245        1.8651314476451299     
   5.2905661989970314        1.8651314476451299     
   5.3012758471731392        1.8651314476451299     
   5.3119854953492460        1.8651314476451299     
   5.3226951435253538        1.8651314476451299     
   5.3334047917014606        1.8651314476451299     
   5.3441144398775684        1.8651314476451299     
   5.3548240880536753        1.8651314476451299     
   5.3655337362297830        1.8651314476451299     
   5.3762433844058908        1.8651314476451299     
   5.3869530325819976        1.8651314476451299     
   5.3976626807581054        1.8651314476451299     
   5.4083723289342123        1.8651314476451299     
   5.4190819771103200        1.8651314476451299     
   5.4297916252864269        1.8651314476451299     
   5.4405012734625346        1.8651314476451299     
   5.4512109216386415        1.8651314476451299     
   5.4619205698147493        1.8651314476451299     
   5.4726302179908561        1.8651314476451299     
   5.4833398661669639        1.8651314476451299     
   5.4940495143430716        1.8651314476451299     
   5.5047591625191785        1.8651314476451299     
   5.5154688106952863        1.8651314476451299     
   5.5261784588713931        1.8651314476451299     
   5.5368881070475009        1.8651314476451299     
   5.5475977552236078        1.8651314476451299     
   5.5583074033997155        1.8651314476451299     
   5.5690170515758224        1.8651314476451299     
   5.5797266997519301        1.8651314476451299     
   5.5904363479280370        1.8651314476451299     
   5.6011459961041448        1.8651314476451299     
   5.6118556442802525        1.8651314476451299     
   5.6225652924563594        1.8651314476451299     
   5.6332749406324671        1.8651314476451299     
   5.6439845888085740        1.8651314476451299     
   5.6546942369846818        1.8651314476451299     
   5.6654038851607886        1.8651314476451299     
   5.6761135333368964        1.8651314476451299     
   5.6868231815130033        1.8651314476451299     
   5.6975328296891110        1.8651314476451299     
   5.7082424778652179        1.8651314476451299     
   5.7189521260413256        1.8651314476451299     
   5.7296617742174334        1.8651314476451299     
   5.7403714223935403        1.8651314476451299     
   5.7510810705696480        1.8651314476451299     
   5.7617907187457549        1.8651314476451299     
   5.7725003669218626        1.8651314476451299     
   5.7832100150979695        1.8651314476451299     
   5.7939196632740773        1.8651314476451299     
   5.8046293114501841        1.8651314476451299     
   5.8153389596262919        1.8651314476451299     
   5.8260486078023987        1.8651314476451299     
   5.8367582559785065        1.8651314476451299     
   5.8474679041546143        1.8651314476451299     
   5.8581775523307211        1.8651314476451299     
   5.8688872005068289        1.8651314476451299     
   5.8795968486829358        1.8651314476451299     
   5.8903064968590435        1.8651314476451299     
   5.9010161450351504        1.8651314476451299     
   5.9117257932112581        1.8651314476451299     
   5.9224354413873650        1.8651314476451299     
   5.9331450895634728        1.8651314476451299     
   5.9438547377395796        1.8651314476451299     
   5.9545643859156874        1.8651314476451299     
   5.9652740340917951        1.8651314476451299     
   5.9759836822679020        1.8651314476451299     
   5.9866933304440098        1.8651314476451299     
   5.9974029786201166        1.8651314476451299     
   6.0081126267962244        1.8651314476451299     
   6.0188222749723312        1.8651314476451299     
   6.0295319231484390        1.8651314476451299     
   6.0402415713245459        1.8651314476451299     
   6.0509512195006536        1.8651314476451299     
   6.0616608676767605        1.8651314476451299     
   6.0723705158528682        1.8651314476451299     
   6.0830801640289760        1.8651314476451299     
   6.0937898122050829        1.8651314476451299     
   6.1044994603811906        1.8651314476451299     
   6.1152091085572975        1.8651314476451299     
   6.1259187567334052        1.8651314476451299     
   6.1366284049095121        1.8651314476451299     
   6.1473380530856199        1.8651314476451299     
   6.1580477012617267        1.8651314476451299     
   6.1687573494378345        1.8651314476451299     
   6.1794669976139414        1.8651314476451299     
   6.1901766457900491        1.8651314476451299     
   6.2008862939661569        1.8651314476451299     
   6.2115959421422637        1.8651314476451299     
   6.2223055903183715        1.8651314476451299     
   6.2330152384944784        1.8651314476451299     
   6.2437248866705861        1.8651314476451299     
   6.2544345348466930        1.8651314476451299     
   6.2651441830228007        1.8651314476451299     
   6.2758538311989076        1.8651314476451299     
   6.2865634793750154        1.8651314476451299     
   6.2972731275511222        1.8651314476451299     
   6.3079827757272300        1.8651314476451299     
   6.3186924239033377        1.8651314476451299     
   6.3294020720794446        1.8651314476451299     
   6.3401117202555524        1.8651314476451299     
   6.3508213684316592        1.8651314476451299     
   6.3615310166077670        1.8651314476451299     
   6.3722406647838739        1.8651314476451299     
   6.3829503129599816        1.8651314476451299     
   6.3936599611360885        1.8651314476451299     
   6.4043696093121962        1.8651314476451299     
   6.4150792574883031        1.8651314476451299     
   6.4257889056644109        1.8651314476451299     
   6.4364985538405177        1.8651314476451299     
   6.4472082020166255        1.8651314476451299     
   6.4579178501927332        1.8651314476451299     
   6.4686274983688401        1.8651314476451299     
   6.4793371465449479        1.8651314476451299     
   6.4900467947210547        1.8651314476451299     
   6.5007564428971625        1.8651314476451299     
   6.5114660910732693        1.8651314476451299     
   6.5221757392493771        1.8651314476451299     
   6.5328853874254840        1.8651314476451299     
   6.5435950356015917        1.8651314476451299     
   6.5543046837776986        1.8651314476451299     
   6.5650143319538063        1.8651314476451299     
   6.5757239801299141        1.8651314476451299     
   6.5864336283060210        1.8651314476451299     
   6.5971432764821287        1.8651314476451299     
   6.6078529246582356        1.8651314476451299     
   6.6185625728343433        1.8651314476451299     
   6.6292722210104502        1.8651314476451299     
   6.6399818691865580        1.8651314476451299     
   6.6506915173626648        1.8651314476451299     
   6.6614011655387726        1.8651314476451299     
   6.6721108137148795        1.8651314476451299     
   6.6828204618909872        1.8651314476451299     
   6.6935301100670950        1.8651314476451299     
   6.7042397582432018        1.8651314476451299     
   6.7149494064193096        1.8651314476451299     
   6.7256590545954165        1.8651314476451299     
   6.7363687027715242        1.8651314476451299     
   6.7470783509476311        1.8651314476451299     
   6.7577879991237388        1.8651314476451299     
   6.7684976472998457        1.8651314476451299     
   6.7792072954759535        1.8651314476451299     
   6.7899169436520603        1.8651314476451299     
   6.8006265918281681        1.8651314476451299     
   6.8113362400042758        1.8651314476451299     
   6.8220458881803827        1.8651314476451299     
   6.8327555363564905        1.8651314476451299     
   6.8434651845325973        1.8651314476451299     
   6.8541748327087051        1.8651314476451299     
   6.8648844808848120        1.8651314476451299     
   6.8755941290609197        1.8651314476451299     
   6.8863037772370266        1.8651314476451299     
   6.8970134254131343        1.8651314476451299     
   6.9077230735892412        1.8651314476451299     
   6.9184327217653490        1.8651314476451299     
   6.9291423699414567        1.8651314476451299     
   6.9398520181175636        1.8651314476451299     
   6.9505616662936713        1.8651314476451299     
   6.9612713144697782        1.8651314476451299     
   6.9719809626458860        1.8651314476451299     
   6.9826906108219928        1.8651314476451299     
   6.9934002589981006        1.8651314476451299     
   7.0041099071742074        1.8651314476451299     
   7.0148195553503152        1.8651314476451299     
   7.0255292035264221        1.8651314476451299     
   7.0362388517025298        1.8651314476451299     
   7.0469484998786376        1.8651314476451299     
   7.0576581480547445        1.8651314476451299     
   7.0683677962308522        1.8651314476451299     
   7.0790774444069591        1.8651314476451299     
   7.0897870925830668        1.8651314476451299     
   7.1004967407591737        1.8651314476451299     
   7.1112063889352815        1.8651314476451299     
   7.1219160371113883        1.8651314476451299     
   7.1326256852874961        1.8651314476451299     
   7.1433353334636029        1.8651314476451299     
   7.1540449816397107        1.8651314476451299     
   7.1647546298158185        1.8651314476451299     
   7.1754642779919253        1.8651314476451299     
   7.1861739261680331        1.8651314476451299     
   7.1968835743441399        1.8651314476451299     
   7.2075932225202477        1.8651314476451299     
   7.2183028706963546        1.8651314476451299     
   7.2290125188724623        1.8651314476451299     
   7.2397221670485692        1.8651314476451299     
   7.2504318152246769        1.8651314476451299     
   7.2611414634007838        1.8651314476451299     
   7.2718511115768916        1.8651314476451299     
   7.2825607597529993        1.8651314476451299     
   7.2932704079291062        1.8651314476451299     
   7.3039800561052139        1.8651314476451299     
   7.3146897042813208        1.8651314476451299     
   7.3253993524574286        1.8651314476451299     
   7.3361090006335354        1.8651314476451299     
   7.3468186488096432        1.8651314476451299     
   7.3575282969857501        1.8651314476451299     
   7.3682379451618578        1.8651314476451299     
   7.3789475933379647        1.8651314476451299     
   7.3896572415140724        1.8651314476451299     
   7.4003668896901802        1.8651314476451299     
   7.4110765378662871        1.8651314476451299     
   7.4217861860423948        1.8651314476451299     
   7.4324958342185017        1.8651314476451299     
   7.4432054823946094        1.8651314476451299     
   7.4539151305707163        1.8651314476451299     
   7.4646247787468241        1.8651314476451299     
   7.4753344269229309        1.8651314476451299     
   7.4860440750990387        1.8651314476451299     
   7.4967537232751456        1.8651314476451299     
   7.5074633714512533        1.8651314476451299     
   7.5181730196273611        1.8651314476451299     
   7.5288826678034679        1.8651314476451299     
   7.5395923159795757        1.8651314476451299     
   7.5503019641556826        1.8651314476451299     
   7.5610116123317903        1.8651314476451299     
   7.5717212605078972        1.8651314476451299     
   7.5824309086840049        1.8651314476451299     
   7.5931405568601118        1.8651314476451299     
   7.6038502050362196        1.8651314476451299     
   7.6145598532123264        1.8651314476451299     
   7.6252695013884342        1.8651314476451299     
   7.6359791495645419        1.8651314476451299     
   7.6466887977406488        1.8651314476451299     
   7.6573984459167566        1.8651314476451299     
   7.6681080940928634        1.8651314476451299     
   7.6788177422689712        1.8651314476451299     
   7.6895273904450780        1.8651314476451299     
   7.7002370386211858        1.8651314476451299     
   7.7109466867972927        1.8651314476451299     
   7.7216563349734004        1.8651314476451299     
   7.7323659831495073        1.8651314476451299     
   7.7430756313256150        1.8651314476451299     
   7.7537852795017228        1.8651314476451299     
   7.7644949276778297        1.8651314476451299     
   7.7752045758539374        1.8651314476451299     
   7.7859142240300443        1.8651314476451299     
   7.7966238722061521        1.8651314476451299     
   7.8073335203822589        1.8651314476451299     
   7.8180431685583667        1.8651314476451299     
   7.8287528167344735        1.8651314476451299     
   7.8394624649105813        1.8651314476451299     
   7.8501721130866882        1.8651314476451299     
   7.8608817612627959        1.8651314476451299     
   7.8715914094389037        1.8651314476451299     
   7.8823010576150105        1.8651314476451299     
   7.8930107057911183        1.8651314476451299     
   7.9037203539672252        1.8651314476451299     
   7.9144300021433329        1.8651314476451299     
   7.9251396503194398        1.8651314476451299     
   7.9358492984955475        1.8651314476451299     
   7.9465589466716544        1.8651314476451299     
   7.9572685948477622        1.8651314476451299     
   7.9679782430238690        1.8651314476451299     
   7.9786878911999768        1.8651314476451299     
   7.9893975393760845        1.8651314476451299     
   8.0001071875521923        1.8651314476451299     
   8.0108168357282992        1.8651314476451299     
   8.0215264839044060        1.8651314476451299     
   8.0322361320805129        1.8651314476451299     
   8.0429457802566215        1.8651314476451299     
   8.0536554284327284        1.8651314476451299     
   8.0643650766088353        1.8651314476451299     
   8.0750747247849421        1.8651314476451299     
   8.0857843729610508        1.8651314476451299     
   8.0964940211371577        1.8651314476451299     
   8.1072036693132645        1.8651314476451299     
   8.1179133174893732        1.8651314476451299     
   8.1286229656654800        1.8651314476451299     
   8.1393326138415869        1.8651314476451299     
   8.1500422620176938        1.8651314476451299     
   8.1607519101938024        1.8651314476451299     
   8.1714615583699093        1.8651314476451299     
   8.1821712065460162        1.8651314476451299     
   8.1928808547221230        1.8651314476451299     
   8.2035905028982317        1.8651314476451299     
   8.2143001510743385        1.8651314476451299     
   8.2250097992504454        1.8651314476451299     
   8.2357194474265540        1.8651314476451299     
   8.2464290956026609        1.8651314476451299     
   8.2571387437787678        1.8651314476451299     
   8.2678483919548746        1.8651314476451299     
   8.2785580401309833        1.8651314476451299     
   8.2892676883070902        1.8651314476451299     
   8.2999773364831970        1.8651314476451299     
   8.3106869846593039        1.8651314476451299     
   8.3213966328354125        1.8651314476451299     
   8.3321062810115194        1.8651314476451299     
   8.3428159291876263        1.8651314476451299     
   8.3535255773637349        1.8651314476451299     
   8.3642352255398418        1.8651314476451299     
   8.3749448737159486        1.8651314476451299     
   8.3856545218920555        1.8651314476451299     
   8.3963641700681642        1.8651314476451299     
   8.4070738182442710        1.8651314476451299     
   8.4177834664203779        1.8651314476451299     
   8.4284931145964848        1.8651314476451299     
   8.4392027627725934        1.8651314476451299     
   8.4499124109487003        1.8651314476451299     
   8.4606220591248071        1.8651314476451299     
   8.4713317073009158        1.8651314476451299     
   8.4820413554770226        1.8651314476451299     
   8.4927510036531295        1.8651314476451299     
   8.5034606518292364        1.8651314476451299     
   8.5141703000053450        1.8651314476451299     
   8.5248799481814519        1.8651314476451299     
   8.5355895963575588        1.8651314476451299     
   8.5462992445336656        1.8651314476451299     
   8.5570088927097743        1.8651314476451299     
   8.5677185408858811        1.8651314476451299     
   8.5784281890619880        1.8651314476451299     
   8.5891378372380967        1.8651314476451299     
   8.5998474854142035        1.8651314476451299     
   8.6105571335903104        1.8651314476451299     
   8.6212667817664173        1.8651314476451299     
   8.6319764299425259        1.8651314476451299     
   8.6426860781186328        1.8651314476451299     
   8.6533957262947396        1.8651314476451299     
   8.6641053744708465        1.8651314476451299     
   8.6748150226469551        1.8651314476451299     
   8.6855246708230620        1.8651314476451299     
   8.6962343189991689        1.8651314476451299     
   8.7069439671752775        1.8651314476451299     
   8.7176536153513844        1.8651314476451299     
   8.7283632635274913        1.8651314476451299     
   8.7390729117035981        1.8651314476451299     
   8.7497825598797068        1.8651314476451299     
   8.7604922080558136        1.8651314476451299     
   8.7712018562319205        1.8651314476451299     
   8.7819115044080274        1.8651314476451299     
   8.7926211525841360        1.8651314476451299     
   8.8033308007602429        1.8651314476451299     
   8.8140404489363497        1.8651314476451299     
   8.8247500971124584        1.8651314476451299     
   8.8354597452885653        1.8651314476451299     
   8.8461693934646721        1.8651314476451299     
   8.8568790416407790        1.8651314476451299     
   8.8675886898168876        1.8651314476451299     
   8.8782983379929945        1.8651314476451299     
   8.8890079861691014        1.8651314476451299     
   8.8997176343452082        1.8651314476451299     
   8.9104272825213169        1.8651314476451299     
   8.9211369306974238        1.8651314476451299     
   8.9318465788735306        1.8651314476451299     
   8.9425562270496393        1.8651314476451299     
   8.9532658752257461        1.8651314476451299     
   8.9639755234018530        1.8651314476451299     
   8.9746851715779599        1.8651314476451299     
   8.9853948197540685        1.8651314476451299     
   8.9961044679301754        1.8651314476451299     
   9.0068141161062822        1.8651314476451299     
   9.0175237642823891        1.8651314476451299     
   9.0282334124584978        1.8651314476451299     
   9.0389430606346046        1.8651314476451299     
   9.0496527088107115        1.8651314476451299     
   9.0603623569868201        1.8651314476451299     
   9.0710720051629270        1.8651314476451299     
   9.0817816533390339        1.8651314476451299     
   9.0924913015151407        1.8651314476451299     
   9.1032009496912494        1.8651314476451299     
   9.1139105978673562        1.8651314476451299     
   9.1246202460434631        1.8651314476451299     
   9.1353298942195700        1.8651314476451299     
   9.1460395423956786        1.8651314476451299     
   9.1567491905717855        1.8651314476451299     
   9.1674588387478924        1.8651314476451299     
   9.1781684869239992        1.8651314476451299     
   9.1888781351001079        1.8651314476451299     
   9.1995877832762147        1.8651314476451299     
   9.2102974314523216        1.8651314476451299     
   9.2210070796284302        1.8651314476451299     
   9.2317167278045371        1.8651314476451299     
   9.2424263759806440        1.8651314476451299     
   9.2531360241567508        1.8651314476451299     
   9.2638456723328595        1.8651314476451299     
   9.2745553205089664        1.8651314476451299     
   9.2852649686850732        1.8651314476451299     
   9.2959746168611801        1.8651314476451299     
   9.3066842650372887        1.8651314476451299     
   9.3173939132133956        1.8651314476451299     
   9.3281035613895025        1.8651314476451299     
   9.3388132095656111        1.8651314476451299     
   9.3495228577417180        1.8651314476451299     
   9.3602325059178249        1.8651314476451299     
   9.3709421540939317        1.8651314476451299     
   9.3816518022700404        1.8651314476451299     
   9.3923614504461472        1.8651314476451299     
   9.4030710986222541        1.8651314476451299     
   9.4137807467983610        1.8651314476451299     
   9.4244903949744696        1.8651314476451299     
   9.4352000431505765        1.8651314476451299     
   9.4459096913266833        1.8651314476451299     
   9.4566193395027920        1.8651314476451299     
   9.4673289876788989        1.8651314476451299     
   9.4780386358550057        1.8651314476451299     
   9.4887482840311126        1.8651314476451299     
   9.4994579322072212        1.8651314476451299     
   9.5101675803833281        1.8651314476451299     
   9.5208772285594350        1.8651314476451299     
   9.5315868767355418        1.8651314476451299     
   9.5422965249116505        1.8651314476451299     
   9.5530061730877573        1.8651314476451299     
   9.5637158212638642        1.8651314476451299     
   9.5744254694399729        1.8651314476451299     
   9.5851351176160797        1.8651314476451299     
   9.5958447657921866        1.8651314476451299     
   9.6065544139682935        1.8651314476451299     
   9.6172640621444021        1.8651314476451299     
   9.6279737103205090        1.8651314476451299     
   9.6386833584966158        1.8651314476451299     
   9.6493930066727227        1.8651314476451299     
   9.6601026548488313        1.8651314476451299     
   9.6708123030249382        1.8651314476451299     
   9.6815219512010451        1.8651314476451299     
   9.6922315993771537        1.8651314476451299     
   9.7029412475532606        1.8651314476451299     
   9.7136508957293675        1.8651314476451299     
   9.7243605439054743        1.8651314476451299     
   9.7350701920815830        1.8651314476451299     
   9.7457798402576898        1.8651314476451299     
   9.7564894884337967        1.8651314476451299     
   9.7671991366099036        1.8651314476451299     
   9.7779087847860122        1.8651314476451299     
   9.7886184329621191        1.8651314476451299     
   9.7993280811382260        1.8651314476451299     
   9.8100377293143346        1.8651314476451299     
   9.8207473774904415        1.8651314476451299     
   9.8314570256665483        1.8651314476451299     
   9.8421666738426552        1.8651314476451299     
   9.8528763220187638        1.8651314476451299     
   9.8635859701948707        1.8651314476451299     
   9.8742956183709776        1.8651314476451299     
   9.8850052665470844        1.8651314476451299     
   9.8957149147231931        1.8651314476451299     
   9.9064245628993000        1.8651314476451299     
   9.9171342110754068        1.8651314476451299     
   9.9278438592515155        1.8651314476451299     
   9.9385535074276223        1.8651314476451299     
   9.9492631556037292        1.8651314476451299     
   9.9599728037798361        1.8651314476451299     
   9.9706824519559447        1.8651314476451299     
   9.9813921001320516        1.8651314476451299     
   9.9921017483081584        1.8651314476451299     
   10.002811396484265        1.8651314476451299     
   10.013521044660374        1.8651314476451299     
   10.024230692836481        1.8651314476451299     
   10.034940341012588        1.8651314476451299     
   10.045649989188696        1.8651314476451299     
   10.056359637364803        1.8651314476451299     
   10.067069285540910        1.8651314476451299     
   10.077778933717017        1.8651314476451299     
   10.088488581893126        1.8651314476451299     
   10.099198230069232        1.8651314476451299     
   10.109907878245339        1.8651314476451299     
   10.120617526421446        1.8651314476451299     
   10.131327174597555        1.8651314476451299     
   10.142036822773662        1.8651314476451299     
   10.152746470949769        1.8651314476451299     
   10.163456119125877        1.8651314476451299     
   10.174165767301984        1.8651314476451299     
   10.184875415478091        1.8651314476451299     
   10.195585063654198        1.8651314476451299     
   10.206294711830306        1.8651314476451299     
   10.217004360006413        1.8651314476451299     
   10.227714008182520        1.8651314476451299     
   10.238423656358627        1.8651314476451299     
   10.249133304534736        1.8651314476451299     
   10.259842952710843        1.8651314476451299     
   10.270552600886949        1.8651314476451299     
   10.281262249063058        1.8651314476451299     
   10.291971897239165        1.8651314476451299     
   10.302681545415272        1.8651314476451299     
   10.313391193591379        1.8651314476451299     
   10.324100841767487        1.8651314476451299     
   10.334810489943594        1.8651314476451299     
   10.345520138119701        1.8651314476451299     
   10.356229786295808        1.8651314476451299     
   10.366939434471917        1.8651314476451299     
   10.377649082648023        1.8651314476451299     
   10.388358730824130        1.8651314476451299     
   10.399068379000239        1.8651314476451299     
   10.409778027176346        1.8651314476451299     
   10.420487675352453        1.8651314476451299     
   10.431197323528560        1.8651314476451299     
   10.441906971704668        1.8651314476451299     
   10.452616619880775        1.8651314476451299     
   10.463326268056882        1.8651314476451299     
   10.474035916232989        1.8651314476451299     
   10.484745564409097        1.8651314476451299     
   10.495455212585204        1.8651314476451299     
   10.506164860761311        1.8651314476451299     
   10.516874508937420        1.8651314476451299     
   10.527584157113527        1.8651314476451299     
   10.538293805289634        1.8651314476451299     
   10.549003453465740        1.8651314476451299     
   10.559713101641849        1.8651314476451299     
   10.570422749817956        1.8651314476451299     
   10.581132397994063        1.8651314476451299     
   10.591842046170170        1.8651314476451299     
   10.602551694346278        1.8651314476451299     
   10.613261342522385        1.8651314476451299     
   10.623970990698492        1.8651314476451299     
   10.634680638874601        1.8651314476451299     
   10.645390287050708        1.8651314476451299     
   10.656099935226814        1.8651314476451299     
   10.666809583402921        1.8651314476451299     
   10.677519231579030        1.8651314476451299     
   10.688228879755137        1.8651314476451299     
   10.698938527931244        1.8651314476451299     
