    0.0000000000000000        1.9340430354640046     
  1.05932672830095376E-002   1.9340430354640046     
  2.11865345660190753E-002   1.9340430354640046     
  3.17798018490286147E-002   1.9340430354640046     
  4.23730691320381506E-002   1.9340430354640046     
  5.29663364150476865E-002   1.9340430354640046     
  6.35596036980572293E-002   1.9340430354640046     
  7.41528709810667652E-002   1.9340430354640046     
  8.47461382640763011E-002   1.9340430354640046     
  9.53394055470858370E-002   1.9340430354640046     
  0.10593267283009537        1.9340430354640046     
  0.11652594011310491        1.9340430354640046     
  0.12711920739611446        1.9340430354640046     
  0.13771247467912398        1.9340430354640046     
  0.14830574196213353        1.9340430354640046     
  0.15889900924514305        1.9340430354640046     
  0.16949227652815260        1.9340430354640046     
  0.18008554381116215        1.9340430354640046     
  0.19067881109417167        1.9340430354640046     
  0.20127207837718122        1.9340430354640046     
  0.21186534566019075        1.9340430354640046     
  0.22245861294320030        1.9340430354640046     
  0.23305188022620982        1.9340430354640046     
  0.24364514750921937        1.9340430354640046     
  0.25423841479222892        1.9340430354640046     
  0.26483168207523844        1.9340430354640046     
  0.27542494935824796        1.9340430354640046     
  0.28601821664125754        1.9340430354640046     
  0.29661148392426706        1.9340430354640046     
  0.30720475120727658        1.9340430354640046     
  0.31779801849028610        1.9340430354640046     
  0.32839128577329568        1.9340430354640046     
  0.33898455305630520        1.9340430354640046     
  0.34957782033931473        1.9340430354640046     
  0.36017108762232430        1.9340430354640046     
  0.37076435490533383        1.9340430354640046     
  0.38135762218834335        1.9340430354640046     
  0.39195088947135287        1.9340430354640046     
  0.40254415675436245        1.9340430354640046     
  0.41313742403737197        1.9340430354640046     
  0.42373069132038149        1.9340430354640046     
  0.43432395860339107        1.9340430354640046     
  0.44491722588640059        1.9340430354640046     
  0.45551049316941011        1.9340430354640046     
  0.46610376045241964        1.9340430354640046     
  0.47669702773542921        1.9340430354640046     
  0.48729029501843873        1.9340430354640046     
  0.49788356230144826        1.9340430354640046     
  0.50847682958445783        1.9340430354640046     
  0.51907009686746730        1.9340430354640046     
  0.52966336415047688        1.9340430354640046     
  0.54025663143348646        1.9340430354640046     
  0.55084989871649592        1.9340430354640046     
  0.56144316599950550        1.9340430354640046     
  0.57203643328251508        1.9340430354640046     
  0.58262970056552454        1.9340430354640046     
  0.59322296784853412        1.9340430354640046     
  0.60381623513154370        1.9340430354640046     
  0.61440950241455317        1.9340430354640046     
  0.62500276969756274        1.9340430354640046     
  0.63559603698057221        1.9340430354640046     
  0.64618930426358179        1.9340430354640046     
  0.65678257154659136        1.9340430354640046     
  0.66737583882960083        1.9340430354640046     
  0.67796910611261041        1.9340430354640046     
  0.68856237339561999        1.9340430354640046     
  0.69915564067862945        1.9340430354640046     
  0.70974890796163903        1.9340430354640046     
  0.72034217524464861        1.9340430354640046     
  0.73093544252765807        1.9340430354640046     
  0.74152870981066765        1.9340430354640046     
  0.75212197709367712        1.9340430354640046     
  0.76271524437668670        1.9340430354640046     
  0.77330851165969627        1.9340430354640046     
  0.78390177894270574        1.9340430354640046     
  0.79449504622571532        1.9340430354640046     
  0.80508831350872490        1.9340430354640046     
  0.81568158079173436        1.9340430354640046     
  0.82627484807474394        1.9340430354640046     
  0.83686811535775352        1.9340430354640046     
  0.84746138264076298        1.9340430354640046     
  0.85805464992377256        1.9340430354640046     
  0.86864791720678214        1.9340430354640046     
  0.87924118448979161        1.9340430354640046     
  0.88983445177280118        1.9340430354640046     
  0.90042771905581065        1.9340430354640046     
  0.91102098633882023        1.9340430354640046     
  0.92161425362182980        1.9340430354640046     
  0.93220752090483927        1.9340430354640046     
  0.94280078818784885        1.9340430354640046     
  0.95339405547085843        1.9340430354640046     
  0.96398732275386789        1.9340430354640046     
  0.97458059003687747        1.9340430354640046     
  0.98517385731988705        1.9340430354640046     
  0.99576712460289651        1.9340430354640046     
   1.0063603918859061        1.9340430354640046     
   1.0169536591689157        1.9340430354640046     
   1.0275469264519252        1.9340430354640046     
   1.0381401937349346        1.9340430354640046     
   1.0487334610179442        1.9340430354640046     
   1.0593267283009538        1.9340430354640046     
   1.0699199955839633        1.9340430354640046     
   1.0805132628669729        1.9340430354640046     
   1.0911065301499823        1.9340430354640046     
   1.1016997974329918        1.9340430354640046     
   1.1122930647160014        1.9340430354640046     
   1.1228863319990110        1.9340430354640046     
   1.1334795992820206        1.9340430354640046     
   1.1440728665650302        1.9340430354640046     
   1.1546661338480395        1.9340430354640046     
   1.1652594011310491        1.9340430354640046     
   1.1758526684140587        1.9340430354640046     
   1.1864459356970682        1.9340430354640046     
   1.1970392029800778        1.9340430354640046     
   1.2076324702630874        1.9340430354640046     
   1.2182257375460968        1.9340430354640046     
   1.2288190048291063        1.9340430354640046     
   1.2394122721121159        1.9340430354640046     
   1.2500055393951255        1.9340430354640046     
   1.2605988066781351        1.9340430354640046     
   1.2711920739611444        1.9340430354640046     
   1.2817853412441540        1.9340430354640046     
   1.2923786085271636        1.9340430354640046     
   1.3029718758101732        1.9340430354640046     
   1.3135651430931827        1.9340430354640046     
   1.3241584103761923        1.9340430354640046     
   1.3347516776592017        1.9340430354640046     
   1.3453449449422112        1.9340430354640046     
   1.3559382122252208        1.9340430354640046     
   1.3665314795082304        1.9340430354640046     
   1.3771247467912400        1.9340430354640046     
   1.3877180140742493        1.9340430354640046     
   1.3983112813572589        1.9340430354640046     
   1.4089045486402685        1.9340430354640046     
   1.4194978159232781        1.9340430354640046     
   1.4300910832062876        1.9340430354640046     
   1.4406843504892972        1.9340430354640046     
   1.4512776177723066        1.9340430354640046     
   1.4618708850553161        1.9340430354640046     
   1.4724641523383257        1.9340430354640046     
   1.4830574196213353        1.9340430354640046     
   1.4936506869043449        1.9340430354640046     
   1.5042439541873542        1.9340430354640046     
   1.5148372214703638        1.9340430354640046     
   1.5254304887533734        1.9340430354640046     
   1.5360237560363830        1.9340430354640046     
   1.5466170233193925        1.9340430354640046     
   1.5572102906024021        1.9340430354640046     
   1.5678035578854115        1.9340430354640046     
   1.5783968251684211        1.9340430354640046     
   1.5889900924514306        1.9340430354640046     
   1.5995833597344402        1.9340430354640046     
   1.6101766270174498        1.9340430354640046     
   1.6207698943004594        1.9340430354640046     
   1.6313631615834687        1.9340430354640046     
   1.6419564288664783        1.9340430354640046     
   1.6525496961494879        1.9340430354640046     
   1.6631429634324975        1.9340430354640046     
   1.6737362307155070        1.9340430354640046     
   1.6843294979985164        1.9340430354640046     
   1.6949227652815260        1.9340430354640046     
   1.7055160325645355        1.9340430354640046     
   1.7161092998475451        1.9340430354640046     
   1.7267025671305547        1.9340430354640046     
   1.7372958344135643        1.9340430354640046     
   1.7478891016965736        1.9340430354640046     
   1.7584823689795832        1.9340430354640046     
   1.7690756362625928        1.9340430354640046     
   1.7796689035456024        1.9340430354640046     
   1.7902621708286119        1.9340430354640046     
   1.8008554381116213        1.9340430354640046     
   1.8114487053946309        1.9340430354640046     
   1.8220419726776405        1.9340430354640046     
   1.8326352399606500        1.9340430354640046     
   1.8432285072436596        1.9340430354640046     
   1.8538217745266692        1.9340430354640046     
   1.8644150418096785        1.9340430354640046     
   1.8750083090926881        1.9340430354640046     
   1.8856015763756977        1.9340430354640046     
   1.8961948436587073        1.9340430354640046     
   1.9067881109417169        1.9340430354640046     
   1.9173813782247262        1.9340430354640046     
   1.9279746455077358        1.9340430354640046     
   1.9385679127907454        1.9340430354640046     
   1.9491611800737549        1.9340430354640046     
   1.9597544473567645        1.9340430354640046     
   1.9703477146397741        1.9340430354640046     
   1.9809409819227835        1.9340430354640046     
   1.9915342492057930        1.9340430354640046     
   2.0021275164888026        1.9340430354640046     
   2.0127207837718122        1.9340430354640046     
   2.0233140510548218        1.9340430354640046     
   2.0339073183378313        1.9340430354640046     
   2.0445005856208409        1.9340430354640046     
   2.0550938529038505        1.9340430354640046     
   2.0656871201868596        1.9340430354640046     
   2.0762803874698692        1.9340430354640046     
   2.0868736547528788        1.9340430354640046     
   2.0974669220358884        1.9340430354640046     
   2.1080601893188979        1.9340430354640046     
   2.1186534566019075        1.9340430354640046     
   2.1292467238849171        1.9340430354640046     
   2.1398399911679267        1.9340430354640046     
   2.1504332584509362        1.9340430354640046     
   2.1610265257339458        1.9340430354640046     
   2.1716197930169554        1.9340430354640046     
   2.1822130602999645        1.9340430354640046     
   2.1928063275829741        1.9340430354640046     
   2.2033995948659837        1.9340430354640046     
   2.2139928621489933        1.9340430354640046     
   2.2245861294320028        1.9340430354640046     
   2.2351793967150124        1.9340430354640046     
   2.2457726639980220        1.9340430354640046     
   2.2563659312810316        1.9340430354640046     
   2.2669591985640412        1.9340430354640046     
   2.2775524658470507        1.9340430354640046     
   2.2881457331300603        1.9340430354640046     
   2.2987390004130699        1.9340430354640046     
   2.3093322676960790        1.9340430354640046     
   2.3199255349790886        1.9340430354640046     
   2.3305188022620982        1.9340430354640046     
   2.3411120695451078        1.9340430354640046     
   2.3517053368281173        1.9340430354640046     
   2.3622986041111269        1.9340430354640046     
   2.3728918713941365        1.9340430354640046     
   2.3834851386771461        1.9340430354640046     
   2.3940784059601556        1.9340430354640046     
   2.4046716732431652        1.9340430354640046     
   2.4152649405261748        1.9340430354640046     
   2.4258582078091839        1.9340430354640046     
   2.4364514750921935        1.9340430354640046     
   2.4470447423752031        1.9340430354640046     
   2.4576380096582127        1.9340430354640046     
   2.4682312769412222        1.9340430354640046     
   2.4788245442242318        1.9340430354640046     
   2.4894178115072414        1.9340430354640046     
   2.5000110787902510        1.9340430354640046     
   2.5106043460732606        1.9340430354640046     
   2.5211976133562701        1.9340430354640046     
   2.5317908806392797        1.9340430354640046     
   2.5423841479222888        1.9340430354640046     
   2.5529774152052984        1.9340430354640046     
   2.5635706824883080        1.9340430354640046     
   2.5741639497713176        1.9340430354640046     
   2.5847572170543271        1.9340430354640046     
   2.5953504843373367        1.9340430354640046     
   2.6059437516203463        1.9340430354640046     
   2.6165370189033559        1.9340430354640046     
   2.6271302861863655        1.9340430354640046     
   2.6377235534693750        1.9340430354640046     
   2.6483168207523846        1.9340430354640046     
   2.6589100880353937        1.9340430354640046     
   2.6695033553184033        1.9340430354640046     
   2.6800966226014129        1.9340430354640046     
   2.6906898898844225        1.9340430354640046     
   2.7012831571674321        1.9340430354640046     
   2.7118764244504416        1.9340430354640046     
   2.7224696917334512        1.9340430354640046     
   2.7330629590164608        1.9340430354640046     
   2.7436562262994704        1.9340430354640046     
   2.7542494935824799        1.9340430354640046     
   2.7648427608654895        1.9340430354640046     
   2.7754360281484987        1.9340430354640046     
   2.7860292954315082        1.9340430354640046     
   2.7966225627145178        1.9340430354640046     
   2.8072158299975274        1.9340430354640046     
   2.8178090972805370        1.9340430354640046     
   2.8284023645635465        1.9340430354640046     
   2.8389956318465561        1.9340430354640046     
   2.8495888991295657        1.9340430354640046     
   2.8601821664125753        1.9340430354640046     
   2.8707754336955849        1.9340430354640046     
   2.8813687009785944        1.9340430354640046     
   2.8919619682616036        1.9340430354640046     
   2.9025552355446131        1.9340430354640046     
   2.9131485028276227        1.9340430354640046     
   2.9237417701106323        1.9340430354640046     
   2.9343350373936419        1.9340430354640046     
   2.9449283046766515        1.9340430354640046     
   2.9555215719596610        1.9340430354640046     
   2.9661148392426706        1.9340430354640046     
   2.9767081065256802        1.9340430354640046     
   2.9873013738086898        1.9340430354640046     
   2.9978946410916993        1.9340430354640046     
   3.0084879083747085        1.9340430354640046     
   3.0190811756577181        1.9340430354640046     
   3.0296744429407276        1.9340430354640046     
   3.0402677102237372        1.9340430354640046     
   3.0508609775067468        1.9340430354640046     
   3.0614542447897564        1.9340430354640046     
   3.0720475120727659        1.9340430354640046     
   3.0826407793557755        1.9340430354640046     
   3.0932340466387851        1.9340430354640046     
   3.1038273139217947        1.9340430354640046     
   3.1144205812048043        1.9340430354640046     
   3.1250138484878134        1.9340430354640046     
   3.1356071157708230        1.9340430354640046     
   3.1462003830538325        1.9340430354640046     
   3.1567936503368421        1.9340430354640046     
   3.1673869176198517        1.9340430354640046     
   3.1779801849028613        1.9340430354640046     
   3.1885734521858708        1.9340430354640046     
   3.1991667194688804        1.9340430354640046     
   3.2097599867518900        1.9340430354640046     
   3.2203532540348996        1.9340430354640046     
   3.2309465213179092        1.9340430354640046     
   3.2415397886009187        1.9340430354640046     
   3.2521330558839279        1.9340430354640046     
   3.2627263231669374        1.9340430354640046     
   3.2733195904499470        1.9340430354640046     
   3.2839128577329566        1.9340430354640046     
   3.2945061250159662        1.9340430354640046     
   3.3050993922989758        1.9340430354640046     
   3.3156926595819853        1.9340430354640046     
   3.3262859268649949        1.9340430354640046     
   3.3368791941480045        1.9340430354640046     
   3.3474724614310141        1.9340430354640046     
   3.3580657287140236        1.9340430354640046     
   3.3686589959970328        1.9340430354640046     
   3.3792522632800424        1.9340430354640046     
   3.3898455305630519        1.9340430354640046     
   3.4004387978460615        1.9340430354640046     
   3.4110320651290711        1.9340430354640046     
   3.4216253324120807        1.9340430354640046     
   3.4322185996950902        1.9340430354640046     
   3.4428118669780998        1.9340430354640046     
   3.4534051342611094        1.9340430354640046     
   3.4639984015441190        1.9340430354640046     
   3.4745916688271286        1.9340430354640046     
   3.4851849361101377        1.9340430354640046     
   3.4957782033931473        1.9340430354640046     
   3.5063714706761568        1.9340430354640046     
   3.5169647379591664        1.9340430354640046     
   3.5275580052421760        1.9340430354640046     
   3.5381512725251856        1.9340430354640046     
   3.5487445398081952        1.9340430354640046     
   3.5593378070912047        1.9340430354640046     
   3.5699310743742143        1.9340430354640046     
   3.5805243416572239        1.9340430354640046     
   3.5911176089402335        1.9340430354640046     
   3.6017108762232426        1.9340430354640046     
   3.6123041435062522        1.9340430354640046     
   3.6228974107892618        1.9340430354640046     
   3.6334906780722713        1.9340430354640046     
   3.6440839453552809        1.9340430354640046     
   3.6546772126382905        1.9340430354640046     
   3.6652704799213001        1.9340430354640046     
   3.6758637472043096        1.9340430354640046     
   3.6864570144873192        1.9340430354640046     
   3.6970502817703288        1.9340430354640046     
   3.7076435490533384        1.9340430354640046     
   3.7182368163363475        1.9340430354640046     
   3.7288300836193571        1.9340430354640046     
   3.7394233509023667        1.9340430354640046     
   3.7500166181853762        1.9340430354640046     
   3.7606098854683858        1.9340430354640046     
   3.7712031527513954        1.9340430354640046     
   3.7817964200344050        1.9340430354640046     
   3.7923896873174145        1.9340430354640046     
   3.8029829546004241        1.9340430354640046     
   3.8135762218834337        1.9340430354640046     
   3.8241694891664433        1.9340430354640046     
   3.8347627564494524        1.9340430354640046     
   3.8453560237324620        1.9340430354640046     
   3.8559492910154716        1.9340430354640046     
   3.8665425582984811        1.9340430354640046     
   3.8771358255814907        1.9340430354640046     
   3.8877290928645003        1.9340430354640046     
   3.8983223601475099        1.9340430354640046     
   3.9089156274305195        1.9340430354640046     
   3.9195088947135290        1.9340430354640046     
   3.9301021619965386        1.9340430354640046     
   3.9406954292795482        1.9340430354640046     
   3.9512886965625573        1.9340430354640046     
   3.9618819638455669        1.9340430354640046     
   3.9724752311285765        1.9340430354640046     
   3.9830684984115861        1.9340430354640046     
   3.9936617656945956        1.9340430354640046     
   4.0042550329776052        1.9340430354640046     
   4.0148483002606143        1.9340430354640046     
   4.0254415675436244        1.9340430354640046     
   4.0360348348266335        1.9340430354640046     
   4.0466281021096435        1.9340430354640046     
   4.0572213693926527        1.9340430354640046     
   4.0678146366756627        1.9340430354640046     
   4.0784079039586718        1.9340430354640046     
   4.0890011712416818        1.9340430354640046     
   4.0995944385246910        1.9340430354640046     
   4.1101877058077010        1.9340430354640046     
   4.1207809730907101        1.9340430354640046     
   4.1313742403737193        1.9340430354640046     
   4.1419675076567293        1.9340430354640046     
   4.1525607749397384        1.9340430354640046     
   4.1631540422227484        1.9340430354640046     
   4.1737473095057576        1.9340430354640046     
   4.1843405767887676        1.9340430354640046     
   4.1949338440717767        1.9340430354640046     
   4.2055271113547867        1.9340430354640046     
   4.2161203786377959        1.9340430354640046     
   4.2267136459208059        1.9340430354640046     
   4.2373069132038150        1.9340430354640046     
   4.2479001804868242        1.9340430354640046     
   4.2584934477698342        1.9340430354640046     
   4.2690867150528433        1.9340430354640046     
   4.2796799823358533        1.9340430354640046     
   4.2902732496188625        1.9340430354640046     
   4.3008665169018725        1.9340430354640046     
   4.3114597841848816        1.9340430354640046     
   4.3220530514678916        1.9340430354640046     
   4.3326463187509008        1.9340430354640046     
   4.3432395860339108        1.9340430354640046     
   4.3538328533169199        1.9340430354640046     
   4.3644261205999291        1.9340430354640046     
   4.3750193878829391        1.9340430354640046     
   4.3856126551659482        1.9340430354640046     
   4.3962059224489582        1.9340430354640046     
   4.4067991897319674        1.9340430354640046     
   4.4173924570149774        1.9340430354640046     
   4.4279857242979865        1.9340430354640046     
   4.4385789915809966        1.9340430354640046     
   4.4491722588640057        1.9340430354640046     
   4.4597655261470157        1.9340430354640046     
   4.4703587934300248        1.9340430354640046     
   4.4809520607130340        1.9340430354640046     
   4.4915453279960440        1.9340430354640046     
   4.5021385952790531        1.9340430354640046     
   4.5127318625620632        1.9340430354640046     
   4.5233251298450723        1.9340430354640046     
   4.5339183971280823        1.9340430354640046     
   4.5445116644110914        1.9340430354640046     
   4.5551049316941015        1.9340430354640046     
   4.5656981989771106        1.9340430354640046     
   4.5762914662601206        1.9340430354640046     
   4.5868847335431298        1.9340430354640046     
   4.5974780008261398        1.9340430354640046     
   4.6080712681091489        1.9340430354640046     
   4.6186645353921580        1.9340430354640046     
   4.6292578026751681        1.9340430354640046     
   4.6398510699581772        1.9340430354640046     
   4.6504443372411872        1.9340430354640046     
   4.6610376045241964        1.9340430354640046     
   4.6716308718072064        1.9340430354640046     
   4.6822241390902155        1.9340430354640046     
   4.6928174063732255        1.9340430354640046     
   4.7034106736562347        1.9340430354640046     
   4.7140039409392447        1.9340430354640046     
   4.7245972082222538        1.9340430354640046     
   4.7351904755052630        1.9340430354640046     
   4.7457837427882730        1.9340430354640046     
   4.7563770100712821        1.9340430354640046     
   4.7669702773542921        1.9340430354640046     
   4.7775635446373013        1.9340430354640046     
   4.7881568119203113        1.9340430354640046     
   4.7987500792033204        1.9340430354640046     
   4.8093433464863304        1.9340430354640046     
   4.8199366137693396        1.9340430354640046     
   4.8305298810523496        1.9340430354640046     
   4.8411231483353587        1.9340430354640046     
   4.8517164156183679        1.9340430354640046     
   4.8623096829013779        1.9340430354640046     
   4.8729029501843870        1.9340430354640046     
   4.8834962174673970        1.9340430354640046     
   4.8940894847504062        1.9340430354640046     
   4.9046827520334162        1.9340430354640046     
   4.9152760193164253        1.9340430354640046     
   4.9258692865994353        1.9340430354640046     
   4.9364625538824445        1.9340430354640046     
   4.9470558211654545        1.9340430354640046     
   4.9576490884484636        1.9340430354640046     
   4.9682423557314728        1.9340430354640046     
   4.9788356230144828        1.9340430354640046     
   4.9894288902974919        1.9340430354640046     
   5.0000221575805019        1.9340430354640046     
   5.0106154248635111        1.9340430354640046     
   5.0212086921465211        1.9340430354640046     
   5.0318019594295302        1.9340430354640046     
   5.0423952267125403        1.9340430354640046     
   5.0529884939955494        1.9340430354640046     
   5.0635817612785594        1.9340430354640046     
   5.0741750285615685        1.9340430354640046     
   5.0847682958445777        1.9340430354640046     
   5.0953615631275877        1.9340430354640046     
   5.1059548304105968        1.9340430354640046     
   5.1165480976936069        1.9340430354640046     
   5.1271413649766160        1.9340430354640046     
   5.1377346322596260        1.9340430354640046     
   5.1483278995426351        1.9340430354640046     
   5.1589211668256452        1.9340430354640046     
   5.1695144341086543        1.9340430354640046     
   5.1801077013916643        1.9340430354640046     
   5.1907009686746735        1.9340430354640046     
   5.2012942359576826        1.9340430354640046     
   5.2118875032406926        1.9340430354640046     
   5.2224807705237017        1.9340430354640046     
   5.2330740378067118        1.9340430354640046     
   5.2436673050897209        1.9340430354640046     
   5.2542605723727309        1.9340430354640046     
   5.2648538396557401        1.9340430354640046     
   5.2754471069387501        1.9340430354640046     
   5.2860403742217592        1.9340430354640046     
   5.2966336415047692        1.9340430354640046     
   5.3072269087877784        1.9340430354640046     
   5.3178201760707875        1.9340430354640046     
   5.3284134433537975        1.9340430354640046     
   5.3390067106368067        1.9340430354640046     
   5.3495999779198167        1.9340430354640046     
   5.3601932452028258        1.9340430354640046     
   5.3707865124858358        1.9340430354640046     
   5.3813797797688450        1.9340430354640046     
   5.3919730470518550        1.9340430354640046     
   5.4025663143348641        1.9340430354640046     
   5.4131595816178741        1.9340430354640046     
   5.4237528489008833        1.9340430354640046     
   5.4343461161838924        1.9340430354640046     
   5.4449393834669024        1.9340430354640046     
   5.4555326507499116        1.9340430354640046     
   5.4661259180329216        1.9340430354640046     
   5.4767191853159307        1.9340430354640046     
   5.4873124525989407        1.9340430354640046     
   5.4979057198819499        1.9340430354640046     
   5.5084989871649599        1.9340430354640046     
   5.5190922544479690        1.9340430354640046     
   5.5296855217309790        1.9340430354640046     
   5.5402787890139882        1.9340430354640046     
   5.5508720562969973        1.9340430354640046     
   5.5614653235800073        1.9340430354640046     
   5.5720585908630165        1.9340430354640046     
   5.5826518581460265        1.9340430354640046     
   5.5932451254290356        1.9340430354640046     
   5.6038383927120456        1.9340430354640046     
   5.6144316599950548        1.9340430354640046     
   5.6250249272780648        1.9340430354640046     
   5.6356181945610739        1.9340430354640046     
   5.6462114618440840        1.9340430354640046     
   5.6568047291270931        1.9340430354640046     
   5.6673979964101022        1.9340430354640046     
   5.6779912636931122        1.9340430354640046     
   5.6885845309761214        1.9340430354640046     
   5.6991777982591314        1.9340430354640046     
   5.7097710655421405        1.9340430354640046     
   5.7203643328251506        1.9340430354640046     
   5.7309576001081597        1.9340430354640046     
   5.7415508673911697        1.9340430354640046     
   5.7521441346741788        1.9340430354640046     
   5.7627374019571889        1.9340430354640046     
   5.7733306692401980        1.9340430354640046     
   5.7839239365232071        1.9340430354640046     
   5.7945172038062172        1.9340430354640046     
   5.8051104710892263        1.9340430354640046     
   5.8157037383722363        1.9340430354640046     
   5.8262970056552454        1.9340430354640046     
   5.8368902729382555        1.9340430354640046     
   5.8474835402212646        1.9340430354640046     
   5.8580768075042746        1.9340430354640046     
   5.8686700747872838        1.9340430354640046     
   5.8792633420702938        1.9340430354640046     
   5.8898566093533029        1.9340430354640046     
   5.9004498766363120        1.9340430354640046     
   5.9110431439193221        1.9340430354640046     
   5.9216364112023312        1.9340430354640046     
   5.9322296784853412        1.9340430354640046     
   5.9428229457683504        1.9340430354640046     
   5.9534162130513604        1.9340430354640046     
   5.9640094803343695        1.9340430354640046     
   5.9746027476173795        1.9340430354640046     
   5.9851960149003887        1.9340430354640046     
   5.9957892821833987        1.9340430354640046     
   6.0063825494664078        1.9340430354640046     
   6.0169758167494169        1.9340430354640046     
   6.0275690840324270        1.9340430354640046     
   6.0381623513154361        1.9340430354640046     
   6.0487556185984461        1.9340430354640046     
   6.0593488858814553        1.9340430354640046     
   6.0699421531644653        1.9340430354640046     
   6.0805354204474744        1.9340430354640046     
   6.0911286877304844        1.9340430354640046     
   6.1017219550134936        1.9340430354640046     
   6.1123152222965036        1.9340430354640046     
   6.1229084895795127        1.9340430354640046     
   6.1335017568625219        1.9340430354640046     
   6.1440950241455319        1.9340430354640046     
   6.1546882914285410        1.9340430354640046     
   6.1652815587115510        1.9340430354640046     
   6.1758748259945602        1.9340430354640046     
   6.1864680932775702        1.9340430354640046     
   6.1970613605605793        1.9340430354640046     
   6.2076546278435893        1.9340430354640046     
   6.2182478951265985        1.9340430354640046     
   6.2288411624096085        1.9340430354640046     
   6.2394344296926176        1.9340430354640046     
   6.2500276969756268        1.9340430354640046     
   6.2606209642586368        1.9340430354640046     
   6.2712142315416459        1.9340430354640046     
   6.2818074988246559        1.9340430354640046     
   6.2924007661076651        1.9340430354640046     
   6.3029940333906751        1.9340430354640046     
   6.3135873006736842        1.9340430354640046     
   6.3241805679566943        1.9340430354640046     
   6.3347738352397034        1.9340430354640046     
   6.3453671025227134        1.9340430354640046     
   6.3559603698057225        1.9340430354640046     
   6.3665536370887326        1.9340430354640046     
   6.3771469043717417        1.9340430354640046     
   6.3877401716547508        1.9340430354640046     
   6.3983334389377609        1.9340430354640046     
   6.4089267062207700        1.9340430354640046     
   6.4195199735037800        1.9340430354640046     
   6.4301132407867891        1.9340430354640046     
   6.4407065080697992        1.9340430354640046     
   6.4512997753528083        1.9340430354640046     
   6.4618930426358183        1.9340430354640046     
   6.4724863099188275        1.9340430354640046     
   6.4830795772018375        1.9340430354640046     
   6.4936728444848466        1.9340430354640046     
   6.5042661117678557        1.9340430354640046     
   6.5148593790508658        1.9340430354640046     
   6.5254526463338749        1.9340430354640046     
   6.5360459136168849        1.9340430354640046     
   6.5466391808998941        1.9340430354640046     
   6.5572324481829041        1.9340430354640046     
   6.5678257154659132        1.9340430354640046     
   6.5784189827489232        1.9340430354640046     
   6.5890122500319324        1.9340430354640046     
   6.5996055173149424        1.9340430354640046     
   6.6101987845979515        1.9340430354640046     
   6.6207920518809606        1.9340430354640046     
   6.6313853191639707        1.9340430354640046     
   6.6419785864469798        1.9340430354640046     
   6.6525718537299898        1.9340430354640046     
   6.6631651210129990        1.9340430354640046     
   6.6737583882960090        1.9340430354640046     
   6.6843516555790181        1.9340430354640046     
   6.6949449228620281        1.9340430354640046     
   6.7055381901450373        1.9340430354640046     
   6.7161314574280473        1.9340430354640046     
   6.7267247247110564        1.9340430354640046     
   6.7373179919940656        1.9340430354640046     
   6.7479112592770756        1.9340430354640046     
   6.7585045265600847        1.9340430354640046     
   6.7690977938430947        1.9340430354640046     
   6.7796910611261039        1.9340430354640046     
   6.7902843284091139        1.9340430354640046     
   6.8008775956921230        1.9340430354640046     
   6.8114708629751330        1.9340430354640046     
   6.8220641302581422        1.9340430354640046     
   6.8326573975411522        1.9340430354640046     
   6.8432506648241613        1.9340430354640046     
   6.8538439321071705        1.9340430354640046     
   6.8644371993901805        1.9340430354640046     
   6.8750304666731896        1.9340430354640046     
   6.8856237339561996        1.9340430354640046     
   6.8962170012392088        1.9340430354640046     
   6.9068102685222188        1.9340430354640046     
   6.9174035358052279        1.9340430354640046     
   6.9279968030882380        1.9340430354640046     
   6.9385900703712471        1.9340430354640046     
   6.9491833376542571        1.9340430354640046     
   6.9597766049372662        1.9340430354640046     
   6.9703698722202754        1.9340430354640046     
   6.9809631395032854        1.9340430354640046     
   6.9915564067862945        1.9340430354640046     
   7.0021496740693046        1.9340430354640046     
   7.0127429413523137        1.9340430354640046     
   7.0233362086353237        1.9340430354640046     
   7.0339294759183328        1.9340430354640046     
   7.0445227432013429        1.9340430354640046     
   7.0551160104843520        1.9340430354640046     
   7.0657092777673620        1.9340430354640046     
   7.0763025450503712        1.9340430354640046     
   7.0868958123333803        1.9340430354640046     
   7.0974890796163903        1.9340430354640046     
   7.1080823468993994        1.9340430354640046     
   7.1186756141824095        1.9340430354640046     
   7.1292688814654186        1.9340430354640046     
   7.1398621487484286        1.9340430354640046     
   7.1504554160314377        1.9340430354640046     
   7.1610486833144478        1.9340430354640046     
   7.1716419505974569        1.9340430354640046     
   7.1822352178804669        1.9340430354640046     
   7.1928284851634761        1.9340430354640046     
   7.2034217524464852        1.9340430354640046     
   7.2140150197294952        1.9340430354640046     
   7.2246082870125043        1.9340430354640046     
   7.2352015542955144        1.9340430354640046     
   7.2457948215785235        1.9340430354640046     
   7.2563880888615335        1.9340430354640046     
   7.2669813561445427        1.9340430354640046     
   7.2775746234275527        1.9340430354640046     
   7.2881678907105618        1.9340430354640046     
   7.2987611579935718        1.9340430354640046     
   7.3093544252765810        1.9340430354640046     
   7.3199476925595901        1.9340430354640046     
   7.3305409598426001        1.9340430354640046     
   7.3411342271256093        1.9340430354640046     
   7.3517274944086193        1.9340430354640046     
   7.3623207616916284        1.9340430354640046     
   7.3729140289746384        1.9340430354640046     
   7.3835072962576476        1.9340430354640046     
   7.3941005635406576        1.9340430354640046     
   7.4046938308236667        1.9340430354640046     
   7.4152870981066767        1.9340430354640046     
   7.4258803653896859        1.9340430354640046     
   7.4364736326726950        1.9340430354640046     
   7.4470668999557050        1.9340430354640046     
   7.4576601672387142        1.9340430354640046     
   7.4682534345217242        1.9340430354640046     
   7.4788467018047333        1.9340430354640046     
   7.4894399690877433        1.9340430354640046     
   7.5000332363707525        1.9340430354640046     
   7.5106265036537625        1.9340430354640046     
   7.5212197709367716        1.9340430354640046     
   7.5318130382197817        1.9340430354640046     
   7.5424063055027908        1.9340430354640046     
   7.5529995727857999        1.9340430354640046     
   7.5635928400688099        1.9340430354640046     
   7.5741861073518191        1.9340430354640046     
   7.5847793746348291        1.9340430354640046     
   7.5953726419178382        1.9340430354640046     
   7.6059659092008483        1.9340430354640046     
   7.6165591764838574        1.9340430354640046     
   7.6271524437668674        1.9340430354640046     
   7.6377457110498765        1.9340430354640046     
   7.6483389783328866        1.9340430354640046     
   7.6589322456158957        1.9340430354640046     
   7.6695255128989048        1.9340430354640046     
   7.6801187801819149        1.9340430354640046     
   7.6907120474649240        1.9340430354640046     
   7.7013053147479340        1.9340430354640046     
   7.7118985820309431        1.9340430354640046     
   7.7224918493139532        1.9340430354640046     
   7.7330851165969623        1.9340430354640046     
   7.7436783838799723        1.9340430354640046     
   7.7542716511629814        1.9340430354640046     
   7.7648649184459915        1.9340430354640046     
   7.7754581857290006        1.9340430354640046     
   7.7860514530120097        1.9340430354640046     
   7.7966447202950198        1.9340430354640046     
   7.8072379875780289        1.9340430354640046     
   7.8178312548610389        1.9340430354640046     
   7.8284245221440480        1.9340430354640046     
   7.8390177894270581        1.9340430354640046     
   7.8496110567100672        1.9340430354640046     
   7.8602043239930772        1.9340430354640046     
   7.8707975912760864        1.9340430354640046     
   7.8813908585590964        1.9340430354640046     
   7.8919841258421055        1.9340430354640046     
   7.9025773931251146        1.9340430354640046     
   7.9131706604081247        1.9340430354640046     
   7.9237639276911338        1.9340430354640046     
   7.9343571949741438        1.9340430354640046     
   7.9449504622571530        1.9340430354640046     
   7.9555437295401630        1.9340430354640046     
   7.9661369968231721        1.9340430354640046     
   7.9767302641061821        1.9340430354640046     
   7.9873235313891913        1.9340430354640046     
   7.9979167986722013        1.9340430354640046     
   8.0085100659552104        1.9340430354640046     
   8.0191033332382204        1.9340430354640046     
   8.0296966005212287        1.9340430354640046     
   8.0402898678042387        1.9340430354640046     
   8.0508831350872487        1.9340430354640046     
   8.0614764023702588        1.9340430354640046     
   8.0720696696532670        1.9340430354640046     
   8.0826629369362770        1.9340430354640046     
   8.0932562042192870        1.9340430354640046     
   8.1038494715022971        1.9340430354640046     
   8.1144427387853053        1.9340430354640046     
   8.1250360060683153        1.9340430354640046     
   8.1356292733513254        1.9340430354640046     
   8.1462225406343336        1.9340430354640046     
   8.1568158079173436        1.9340430354640046     
   8.1674090752003536        1.9340430354640046     
   8.1780023424833637        1.9340430354640046     
   8.1885956097663719        1.9340430354640046     
   8.1991888770493819        1.9340430354640046     
   8.2097821443323920        1.9340430354640046     
   8.2203754116154020        1.9340430354640046     
   8.2309686788984102        1.9340430354640046     
   8.2415619461814202        1.9340430354640046     
   8.2521552134644303        1.9340430354640046     
   8.2627484807474385        1.9340430354640046     
   8.2733417480304485        1.9340430354640046     
   8.2839350153134585        1.9340430354640046     
   8.2945282825964686        1.9340430354640046     
   8.3051215498794768        1.9340430354640046     
   8.3157148171624868        1.9340430354640046     
   8.3263080844454969        1.9340430354640046     
   8.3369013517285069        1.9340430354640046     
   8.3474946190115151        1.9340430354640046     
   8.3580878862945251        1.9340430354640046     
   8.3686811535775352        1.9340430354640046     
   8.3792744208605434        1.9340430354640046     
   8.3898676881435534        1.9340430354640046     
   8.4004609554265635        1.9340430354640046     
   8.4110542227095735        1.9340430354640046     
   8.4216474899925817        1.9340430354640046     
   8.4322407572755917        1.9340430354640046     
   8.4428340245586018        1.9340430354640046     
   8.4534272918416118        1.9340430354640046     
   8.4640205591246200        1.9340430354640046     
   8.4746138264076301        1.9340430354640046     
   8.4852070936906401        1.9340430354640046     
   8.4958003609736483        1.9340430354640046     
   8.5063936282566583        1.9340430354640046     
   8.5169868955396684        1.9340430354640046     
   8.5275801628226784        1.9340430354640046     
   8.5381734301056866        1.9340430354640046     
   8.5487666973886967        1.9340430354640046     
   8.5593599646717067        1.9340430354640046     
   8.5699532319547167        1.9340430354640046     
   8.5805464992377249        1.9340430354640046     
   8.5911397665207350        1.9340430354640046     
   8.6017330338037450        1.9340430354640046     
   8.6123263010867532        1.9340430354640046     
   8.6229195683697633        1.9340430354640046     
   8.6335128356527733        1.9340430354640046     
   8.6441061029357833        1.9340430354640046     
   8.6546993702187915        1.9340430354640046     
   8.6652926375018016        1.9340430354640046     
   8.6758859047848116        1.9340430354640046     
   8.6864791720678216        1.9340430354640046     
   8.6970724393508299        1.9340430354640046     
   8.7076657066338399        1.9340430354640046     
   8.7182589739168499        1.9340430354640046     
   8.7288522411998581        1.9340430354640046     
   8.7394455084828682        1.9340430354640046     
   8.7500387757658782        1.9340430354640046     
   8.7606320430488882        1.9340430354640046     
   8.7712253103318965        1.9340430354640046     
   8.7818185776149065        1.9340430354640046     
   8.7924118448979165        1.9340430354640046     
   8.8030051121809265        1.9340430354640046     
   8.8135983794639348        1.9340430354640046     
   8.8241916467469448        1.9340430354640046     
   8.8347849140299548        1.9340430354640046     
   8.8453781813129631        1.9340430354640046     
   8.8559714485959731        1.9340430354640046     
   8.8665647158789831        1.9340430354640046     
   8.8771579831619931        1.9340430354640046     
   8.8877512504450014        1.9340430354640046     
   8.8983445177280114        1.9340430354640046     
   8.9089377850110214        1.9340430354640046     
   8.9195310522940314        1.9340430354640046     
   8.9301243195770397        1.9340430354640046     
   8.9407175868600497        1.9340430354640046     
   8.9513108541430597        1.9340430354640046     
   8.9619041214260680        1.9340430354640046     
   8.9724973887090780        1.9340430354640046     
   8.9830906559920880        1.9340430354640046     
   8.9936839232750980        1.9340430354640046     
   9.0042771905581063        1.9340430354640046     
   9.0148704578411163        1.9340430354640046     
   9.0254637251241263        1.9340430354640046     
   9.0360569924071363        1.9340430354640046     
   9.0466502596901446        1.9340430354640046     
   9.0572435269731546        1.9340430354640046     
   9.0678367942561646        1.9340430354640046     
   9.0784300615391746        1.9340430354640046     
   9.0890233288221829        1.9340430354640046     
   9.0996165961051929        1.9340430354640046     
   9.1102098633882029        1.9340430354640046     
   9.1208031306712112        1.9340430354640046     
   9.1313963979542212        1.9340430354640046     
   9.1419896652372312        1.9340430354640046     
   9.1525829325202412        1.9340430354640046     
   9.1631761998032495        1.9340430354640046     
   9.1737694670862595        1.9340430354640046     
   9.1843627343692695        1.9340430354640046     
   9.1949560016522796        1.9340430354640046     
   9.2055492689352878        1.9340430354640046     
   9.2161425362182978        1.9340430354640046     
   9.2267358035013078        1.9340430354640046     
   9.2373290707843161        1.9340430354640046     
   9.2479223380673261        1.9340430354640046     
   9.2585156053503361        1.9340430354640046     
   9.2691088726333462        1.9340430354640046     
   9.2797021399163544        1.9340430354640046     
   9.2902954071993644        1.9340430354640046     
   9.3008886744823744        1.9340430354640046     
   9.3114819417653845        1.9340430354640046     
   9.3220752090483927        1.9340430354640046     
   9.3326684763314027        1.9340430354640046     
   9.3432617436144128        1.9340430354640046     
   9.3538550108974210        1.9340430354640046     
   9.3644482781804310        1.9340430354640046     
   9.3750415454634410        1.9340430354640046     
   9.3856348127464511        1.9340430354640046     
   9.3962280800294593        1.9340430354640046     
   9.4068213473124693        1.9340430354640046     
   9.4174146145954793        1.9340430354640046     
   9.4280078818784894        1.9340430354640046     
   9.4386011491614976        1.9340430354640046     
   9.4491944164445076        1.9340430354640046     
   9.4597876837275177        1.9340430354640046     
   9.4703809510105259        1.9340430354640046     
   9.4809742182935359        1.9340430354640046     
   9.4915674855765459        1.9340430354640046     
   9.5021607528595560        1.9340430354640046     
   9.5127540201425642        1.9340430354640046     
   9.5233472874255742        1.9340430354640046     
   9.5339405547085843        1.9340430354640046     
   9.5445338219915943        1.9340430354640046     
   9.5551270892746025        1.9340430354640046     
   9.5657203565576125        1.9340430354640046     
   9.5763136238406226        1.9340430354640046     
   9.5869068911236308        1.9340430354640046     
   9.5975001584066408        1.9340430354640046     
   9.6080934256896509        1.9340430354640046     
   9.6186866929726609        1.9340430354640046     
   9.6292799602556691        1.9340430354640046     
   9.6398732275386791        1.9340430354640046     
   9.6504664948216892        1.9340430354640046     
   9.6610597621046992        1.9340430354640046     
   9.6716530293877074        1.9340430354640046     
   9.6822462966707175        1.9340430354640046     
   9.6928395639537275        1.9340430354640046     
   9.7034328312367357        1.9340430354640046     
   9.7140260985197457        1.9340430354640046     
   9.7246193658027558        1.9340430354640046     
   9.7352126330857658        1.9340430354640046     
   9.7458059003687740        1.9340430354640046     
   9.7563991676517841        1.9340430354640046     
   9.7669924349347941        1.9340430354640046     
   9.7775857022178041        1.9340430354640046     
   9.7881789695008123        1.9340430354640046     
   9.7987722367838224        1.9340430354640046     
   9.8093655040668324        1.9340430354640046     
   9.8199587713498406        1.9340430354640046     
   9.8305520386328507        1.9340430354640046     
   9.8411453059158607        1.9340430354640046     
   9.8517385731988707        1.9340430354640046     
   9.8623318404818789        1.9340430354640046     
   9.8729251077648890        1.9340430354640046     
   9.8835183750478990        1.9340430354640046     
   9.8941116423309090        1.9340430354640046     
   9.9047049096139173        1.9340430354640046     
   9.9152981768969273        1.9340430354640046     
   9.9258914441799373        1.9340430354640046     
   9.9364847114629455        1.9340430354640046     
   9.9470779787459556        1.9340430354640046     
   9.9576712460289656        1.9340430354640046     
   9.9682645133119756        1.9340430354640046     
   9.9788577805949839        1.9340430354640046     
   9.9894510478779939        1.9340430354640046     
   10.000044315161004        1.9340430354640046     
   10.010637582444014        1.9340430354640046     
   10.021230849727022        1.9340430354640046     
   10.031824117010032        1.9340430354640046     
   10.042417384293042        1.9340430354640046     
   10.053010651576050        1.9340430354640046     
   10.063603918859060        1.9340430354640046     
   10.074197186142070        1.9340430354640046     
   10.084790453425081        1.9340430354640046     
   10.095383720708089        1.9340430354640046     
   10.105976987991099        1.9340430354640046     
   10.116570255274109        1.9340430354640046     
   10.127163522557119        1.9340430354640046     
   10.137756789840127        1.9340430354640046     
   10.148350057123137        1.9340430354640046     
   10.158943324406147        1.9340430354640046     
   10.169536591689155        1.9340430354640046     
   10.180129858972165        1.9340430354640046     
   10.190723126255175        1.9340430354640046     
   10.201316393538185        1.9340430354640046     
   10.211909660821194        1.9340430354640046     
   10.222502928104204        1.9340430354640046     
   10.233096195387214        1.9340430354640046     
   10.243689462670224        1.9340430354640046     
   10.254282729953232        1.9340430354640046     
   10.264875997236242        1.9340430354640046     
   10.275469264519252        1.9340430354640046     
   10.286062531802260        1.9340430354640046     
   10.296655799085270        1.9340430354640046     
   10.307249066368280        1.9340430354640046     
   10.317842333651290        1.9340430354640046     
   10.328435600934299        1.9340430354640046     
   10.339028868217309        1.9340430354640046     
   10.349622135500319        1.9340430354640046     
   10.360215402783329        1.9340430354640046     
   10.370808670066337        1.9340430354640046     
   10.381401937349347        1.9340430354640046     
   10.391995204632357        1.9340430354640046     
   10.402588471915365        1.9340430354640046     
   10.413181739198375        1.9340430354640046     
   10.423775006481385        1.9340430354640046     
   10.434368273764395        1.9340430354640046     
   10.444961541047403        1.9340430354640046     
   10.455554808330414        1.9340430354640046     
   10.466148075613424        1.9340430354640046     
   10.476741342896434        1.9340430354640046     
   10.487334610179442        1.9340430354640046     
   10.497927877462452        1.9340430354640046     
   10.508521144745462        1.9340430354640046     
   10.519114412028470        1.9340430354640046     
   10.529707679311480        1.9340430354640046     
   10.540300946594490        1.9340430354640046     
   10.550894213877500        1.9340430354640046     
   10.561487481160508        1.9340430354640046     
   10.572080748443518        1.9340430354640046     
   10.582674015726528        1.9340430354640046     
