   0.0000000000000000       0.90727497111676958     
  1.05932672830095376E-002  0.90772013232522297     
  2.11865345660190753E-002  0.90816537534870412     
  3.17798018490286147E-002  0.90861070004651101     
  4.23730691320381506E-002  0.90905610627769717     
  5.29663364150476865E-002  0.90950159390107266     
  6.35596036980572293E-002  0.90994716277519982     
  7.41528709810667652E-002  0.91039281275839712     
  8.47461382640763011E-002  0.91083854370873685     
  9.53394055470858370E-002  0.91128435548404563     
  0.10593267283009537       0.91173024794190327     
  0.11652594011310491       0.91217622093964246     
  0.12711920739611446       0.91262227433435061     
  0.13771247467912398       0.91306840798286659     
  0.14830574196213353       0.91351462174178133     
  0.15889900924514305       0.91396091546743996     
  0.16949227652815260       0.91440728901593826     
  0.18008554381116215       0.91485374224312221     
  0.19067881109417167       0.91530027500459266     
  0.20127207837718122       0.91574688715569863     
  0.21186534566019075       0.91619357855154127     
  0.22245861294320030       0.91664034904697178     
  0.23305188022620982       0.91708719849659248     
  0.24364514750921937       0.91753412675475454     
  0.25423841479222892       0.91798113367555878     
  0.26483168207523844       0.91842821911285666     
  0.27542494935824796       0.91887538292024684     
  0.28601821664125754       0.91932262495107930     
  0.29661148392426706       0.91976994505844933     
  0.30720475120727658       0.92021734309520387     
  0.31779801849028610       0.92066481891393548     
  0.32839128577329568       0.92111237236698473     
  0.33898455305630520       0.92156000330644050     
  0.34957782033931473       0.92200771158413786     
  0.36017108762232430       0.92245549705165886     
  0.37076435490533383       0.92290335956033254     
  0.38135762218834335       0.92335129896123391     
  0.39195088947135287       0.92379931510518298     
  0.40254415675436245       0.92424740784274684     
  0.41313742403737197       0.92469557702423721     
  0.42373069132038149       0.92514382249971105     
  0.43432395860339107       0.92559214411896984     
  0.44491722588640059       0.92604054173156025     
  0.45551049316941011       0.92648901518677129     
  0.46610376045241964       0.92693756433363850     
  0.47669702773542921       0.92738618902093906     
  0.48729029501843873       0.92783488909719425     
  0.49788356230144826       0.92828366441066890     
  0.50847682958445783       0.92873251480936980     
  0.51907009686746730       0.92918144014104465     
  0.52966336415047688       0.92963044025318708     
  0.54025663143348646       0.93007951499302999     
  0.55084989871649592       0.93052866420754776     
  0.56144316599950550       0.93097788774345713     
  0.57203643328251508       0.93142718544721537     
  0.58262970056552454       0.93187655716502027     
  0.59322296784853412       0.93232600274281019     
  0.60381623513154370       0.93277552202626357     
  0.61440950241455317       0.93322511486079884     
  0.62500276969756274       0.93367478109157365     
  0.63559603698057221       0.93412452056348505     
  0.64618930426358179       0.93457433312116900     
  0.65678257154659136       0.93502421860900020     
  0.66737583882960083       0.93547417687109247     
  0.67796910611261041       0.93592420775129503     
  0.68856237339561999       0.93637431109319824     
  0.69915564067862945       0.93682448674012730     
  0.70974890796163903       0.93727473453514698     
  0.72034217524464861       0.93772505432105602     
  0.73093544252765807       0.93817544594039193     
  0.74152870981066765       0.93862590923542777     
  0.75212197709367712       0.93907644404817336     
  0.76271524437668670       0.93952705022037331     
  0.77330851165969627       0.93997772759350717     
  0.78390177894270574       0.94042847600879054     
  0.79449504622571532       0.94087929530717418     
  0.80508831350872490       0.94133018532934221     
  0.81568158079173436       0.94178114591571371     
  0.82627484807474394       0.94223217690644145     
  0.83686811535775352       0.94268327814141195     
  0.84746138264076298       0.94313444946024438     
  0.85805464992377256       0.94358569070229215     
  0.86864791720678214       0.94403700170664018     
  0.87924118448979161       0.94448838231210697     
  0.88983445177280118       0.94493983235724233     
  0.90042771905581065       0.94539135168032773     
  0.91102098633882023       0.94584294011937653     
  0.92161425362182980       0.94629459751213452     
  0.93220752090483927       0.94674632369607636     
  0.94280078818784885       0.94719811850840752     
  0.95339405547085843       0.94764998178606508     
  0.96398732275386789       0.94810191336571692     
  0.97458059003687747       0.94855391308375758     
  0.98517385731988705       0.94900598077631337     
  0.99576712460289651       0.94945811627923915     
   1.0063603918859061       0.94991031942811877     
   1.0169536591689157       0.95036259005826429     
   1.0275469264519252       0.95081492800471623     
   1.0381401937349346       0.95126733310224287     
   1.0487334610179442       0.95171980518534094     
   1.0593267283009538       0.95217234408823281     
   1.0699199955839633       0.95262494964486877     
   1.0805132628669729       0.95307762168892707     
   1.0911065301499823       0.95353036005381075     
   1.1016997974329918       0.95398316457264942     
   1.1122930647160014       0.95443603507829844     
   1.1228863319990110       0.95488897140333895     
   1.1334795992820206       0.95534197338007654     
   1.1440728665650302       0.95579504084054379     
   1.1546661338480395       0.95624817361649528     
   1.1652594011310491       0.95670137153941137     
   1.1758526684140587       0.95715463444049664     
   1.1864459356970682       0.95760796215067800     
   1.1970392029800778       0.95806135450060770     
   1.2076324702630874       0.95851481132065885     
   1.2182257375460968       0.95896833244092927     
   1.2288190048291063       0.95942191769123830     
   1.2394122721121159       0.95987556690112785     
   1.2500055393951255       0.96032927989986105     
   1.2605988066781351       0.96078305651642371     
   1.2711920739611444       0.96123689657952205     
   1.2817853412441540       0.96169079991758322     
   1.2923786085271636       0.96214476635875612     
   1.3029718758101732       0.96259879573090801     
   1.3135651430931827       0.96305288786162846     
   1.3241584103761923       0.96350704257822528     
   1.3347516776592017       0.96396125970772562     
   1.3453449449422112       0.96441553907687716     
   1.3559382122252208       0.96486988051214517     
   1.3665314795082304       0.96532428383971403     
   1.3771247467912400       0.96577874888548543     
   1.3877180140742493       0.96623327547508042     
   1.3983112813572589       0.96668786343383595     
   1.4089045486402685       0.96714251258680839     
   1.4194978159232781       0.96759722275876925     
   1.4300910832062876       0.96805199377420781     
   1.4406843504892972       0.96850682545732791     
   1.4512776177723066       0.96896171763205208     
   1.4618708850553161       0.96941667012201704     
   1.4724641523383257       0.96987168275057600     
   1.4830574196213353       0.97032675534079482     
   1.4936506869043449       0.97078188771545759     
   1.5042439541873542       0.97123707969706030     
   1.5148372214703638       0.97169233110781461     
   1.5254304887533734       0.97214764176964541     
   1.5360237560363830       0.97260301150419204     
   1.5466170233193925       0.97305844013280507     
   1.5572102906024021       0.97351392747655019     
   1.5678035578854115       0.97396947335620510     
   1.5783968251684211       0.97442507759226038     
   1.5889900924514306       0.97488074000491731     
   1.5995833597344402       0.97533646041408950     
   1.6101766270174498       0.97579223863940212     
   1.6207698943004594       0.97624807450019269     
   1.6313631615834687       0.97670396781550695     
   1.6419564288664783       0.97715991840410332     
   1.6525496961494879       0.97761592608444914     
   1.6631429634324975       0.97807199067472261     
   1.6737362307155070       0.97852811199281065     
   1.6843294979985164       0.97898428985630970     
   1.6949227652815260       0.97944052408252535     
   1.7055160325645355       0.97989681448847177     
   1.7161092998475451       0.98035316089087110     
   1.7267025671305547       0.98080956310615464     
   1.7372958344135643       0.98126602095046001     
   1.7478891016965736       0.98172253423963252     
   1.7584823689795832       0.98217910278922427     
   1.7690756362625928       0.98263572641449570     
   1.7796689035456024       0.98309240493041261     
   1.7902621708286119       0.98354913815164613     
   1.8008554381116213       0.98400592589257474     
   1.8114487053946309       0.98446276796728094     
   1.8220419726776405       0.98491966418955390     
   1.8326352399606500       0.98537661437288682     
   1.8432285072436596       0.98583361833047822     
   1.8538217745266692       0.98629067587522889     
   1.8644150418096785       0.98674778681974629     
   1.8750083090926881       0.98720495097633942     
   1.8856015763756977       0.98766216815702246     
   1.8961948436587073       0.98811943817351000     
   1.9067881109417169       0.98857676083722201     
   1.9173813782247262       0.98903413595927903     
   1.9279746455077358       0.98949156335050514     
   1.9385679127907454       0.98994904282142482     
   1.9491611800737549       0.99040657418226419     
   1.9597544473567645       0.99086415724295107     
   1.9703477146397741       0.99132179181311353     
   1.9809409819227835       0.99177947770208119     
   1.9915342492057930       0.99223721471888160     
   2.0021275164888026       0.99269500267224642     
   2.0127207837718122       0.99315284137060111     
   2.0233140510548218       0.99361073062207450     
   2.0339073183378313       0.99406867023449297     
   2.0445005856208409       0.99452666001538237     
   2.0550938529038505       0.99498469977196513     
   2.0656871201868596       0.99544278931116348     
   2.0762803874698692       0.99590092843959577     
   2.0868736547528788       0.99635911696357882     
   2.0974669220358884       0.99681735468912613     
   2.1080601893188979       0.99727564142194824     
   2.1186534566019075       0.99773397696745014     
   2.1292467238849171       0.99819236113073517     
   2.1398399911679267       0.99865079371660215     
   2.1504332584509362       0.99910927452954446     
   2.1610265257339458       0.99956780337375040     
   2.1716197930169554        1.0000263800531053     
   2.1822130602999645        1.0004850043711844     
   2.1928063275829741        1.0009436761312627     
   2.2033995948659837        1.0014023951363045     
   2.2139928621489933        1.0018611611889716     
   2.2245861294320028        1.0023199740916144     
   2.2351793967150124        1.0027788336462800     
   2.2457726639980220        1.0032377396547065     
   2.2563659312810316        1.0036966919183250     
   2.2669591985640412        1.0041556902382571     
   2.2775524658470507        1.0046147344153180     
   2.2881457331300603        1.0050738242500126     
   2.2987390004130699        1.0055329595425369     
   2.3093322676960790        1.0059921400927789     
   2.3199255349790886        1.0064513657003151     
   2.3305188022620982        1.0069106361644131     
   2.3411120695451078        1.0073699512840320     
   2.3517053368281173        1.0078293108578158     
   2.3622986041111269        1.0082887146841011     
   2.3728918713941365        1.0087481625609127     
   2.3834851386771461        1.0092076542859627     
   2.3940784059601556        1.0096671896566527     
   2.4046716732431652        1.0101267684700710     
   2.4152649405261748        1.0105863905229939     
   2.4258582078091839        1.0110460556118852     
   2.4364514750921935        1.0115057635328943     
   2.4470447423752031        1.0119655140818584     
   2.4576380096582127        1.0124253070543001     
   2.4682312769412222        1.0128851422454284     
   2.4788245442242318        1.0133450194501377     
   2.4894178115072414        1.0138049384630070     
   2.5000110787902510        1.0142648990783012     
   2.5106043460732606        1.0147249010899688     
   2.5211976133562701        1.0151849442916443     
   2.5317908806392797        1.0156450284766434     
   2.5423841479222888        1.0161051534379686     
   2.5529774152052984        1.0165653189683024     
   2.5635706824883080        1.0170255248600129     
   2.5741639497713176        1.0174857709051497     
   2.5847572170543271        1.0179460568954461     
   2.5953504843373367        1.0184063826223140     
   2.6059437516203463        1.0188667478768512     
   2.6165370189033559        1.0193271524498355     
   2.6271302861863655        1.0197875961317222     
   2.6377235534693750        1.0202480787126533     
   2.6483168207523846        1.0207085999824468     
   2.6589100880353937        1.0211691597306032     
   2.6695033553184033        1.0216297577463012     
   2.6800966226014129        1.0220903938183996     
   2.6906898898844225        1.0225510677354370     
   2.7012831571674321        1.0230117792856293     
   2.7118764244504416        1.0234725282568726     
   2.7224696917334512        1.0239333144367391     
   2.7330629590164608        1.0243941376124810     
   2.7436562262994704        1.0248549975710270     
   2.7542494935824799        1.0253158940989819     
   2.7648427608654895        1.0257768269826293     
   2.7754360281484987        1.0262377960079285     
   2.7860292954315082        1.0266988009605162     
   2.7966225627145178        1.0271598416257013     
   2.8072158299975274        1.0276209177884736     
   2.8178090972805370        1.0280820292334936     
   2.8284023645635465        1.0285431757450987     
   2.8389956318465561        1.0290043571073009     
   2.8495888991295657        1.0294655731037867     
   2.8601821664125753        1.0299268235179164     
   2.8707754336955849        1.0303881081327229     
   2.8813687009785944        1.0308494267309134     
   2.8919619682616036        1.0313107790948681     
   2.9025552355446131        1.0317721650066407     
   2.9131485028276227        1.0322335842479555     
   2.9237417701106323        1.0326950366002086     
   2.9343350373936419        1.0331565218444696     
   2.9449283046766515        1.0336180397614794     
   2.9555215719596610        1.0340795901316482     
   2.9661148392426706        1.0345411727350593     
   2.9767081065256802        1.0350027873514627     
   2.9873013738086898        1.0354644337602827     
   2.9978946410916993        1.0359261117406116     
   3.0084879083747085        1.0363878210712105     
   3.0190811756577181        1.0368495615305093     
   3.0296744429407276        1.0373113328966099     
   3.0402677102237372        1.0377731349472774     
   3.0508609775067468        1.0382349674599498     
   3.0614542447897564        1.0386968302117301     
   3.0720475120727659        1.0391587229793910     
   3.0826407793557755        1.0396206455393702     
   3.0932340466387851        1.0400825976677728     
   3.1038273139217947        1.0405445791403718     
   3.1144205812048043        1.0410065897326046     
   3.1250138484878134        1.0414686292195752     
   3.1356071157708230        1.0419306973760538     
   3.1462003830538325        1.0423927939764741     
   3.1567936503368421        1.0428549187949370     
   3.1673869176198517        1.0433170716052067     
   3.1779801849028613        1.0437792521807112     
   3.1885734521858708        1.0442414602945422     
   3.1991667194688804        1.0447036957194573     
   3.2097599867518900        1.0451659582278749     
   3.2203532540348996        1.0456282475918772     
   3.2309465213179092        1.0460905635832092     
   3.2415397886009187        1.0465529059732788     
   3.2521330558839279        1.0470152745331540     
   3.2627263231669374        1.0474776690335672     
   3.2733195904499470        1.0479400892449078     
   3.2839128577329566        1.0484025349372317     
   3.2945061250159662        1.0488650058802504     
   3.3050993922989758        1.0493275018433408     
   3.3156926595819853        1.0497900225955341     
   3.3262859268649949        1.0502525679055266     
   3.3368791941480045        1.0507151375416699     
   3.3474724614310141        1.0511777312719772     
   3.3580657287140236        1.0516403488641188     
   3.3686589959970328        1.0521029900854253     
   3.3792522632800424        1.0525656547028825     
   3.3898455305630519        1.0530283424831381     
   3.4004387978460615        1.0534910531924917     
   3.4110320651290711        1.0539537865969051     
   3.4216253324120807        1.0544165424619953     
   3.4322185996950902        1.0548793205530345     
   3.4428118669780998        1.0553421206349514     
   3.4534051342611094        1.0558049424723317     
   3.4639984015441190        1.0562677858294152     
   3.4745916688271286        1.0567306504700982     
   3.4851849361101377        1.0571935361579305     
   3.4957782033931473        1.0576564426561164     
   3.5063714706761568        1.0581193697275169     
   3.5169647379591664        1.0585823171346425     
   3.5275580052421760        1.0590452846396625     
   3.5381512725251856        1.0595082720043936     
   3.5487445398081952        1.0599712789903102     
   3.5593378070912047        1.0604343053585374     
   3.5699310743742143        1.0608973508698516     
   3.5805243416572239        1.0613604152846827     
   3.5911176089402335        1.0618234983631114     
   3.6017108762232426        1.0622865998648687     
   3.6123041435062522        1.0627497195493394     
   3.6228974107892618        1.0632128571755550     
   3.6334906780722713        1.0636760125022022     
   3.6440839453552809        1.0641391852876123     
   3.6546772126382905        1.0646023752897689     
   3.6652704799213001        1.0650655822663062     
   3.6758637472043096        1.0655288059745054     
   3.6864570144873192        1.0659920461712953     
   3.6970502817703288        1.0664553026132568     
   3.7076435490533384        1.0669185750566152     
   3.7182368163363475        1.0673818632572458     
   3.7288300836193571        1.0678451669706694     
   3.7394233509023667        1.0683084859520555     
   3.7500166181853762        1.0687718199562195     
   3.7606098854683858        1.0692351687376234     
   3.7712031527513954        1.0696985320503749     
   3.7817964200344050        1.0701619096482269     
   3.7923896873174145        1.0706253012845799     
   3.8029829546004241        1.0710887067124761     
   3.8135762218834337        1.0715521256846072     
   3.8241694891664433        1.0720155579533033     
   3.8347627564494524        1.0724790032705438     
   3.8453560237324620        1.0729424613879506     
   3.8559492910154716        1.0734059320567868     
   3.8665425582984811        1.0738694150279604     
   3.8771358255814907        1.0743329100520229     
   3.8877290928645003        1.0747964168791675     
   3.8983223601475099        1.0752599352592283     
   3.9089156274305195        1.0757234649416838     
   3.9195088947135290        1.0761870056756524     
   3.9301021619965386        1.0766505572098928     
   3.9406954292795482        1.0771141192928064     
   3.9512886965625573        1.0775776916724353     
   3.9618819638455669        1.0780412740964604     
   3.9724752311285765        1.0785048663122023     
   3.9830684984115861        1.0789684680666238     
   3.9936617656945956        1.0794320791063232     
   4.0042550329776052        1.0798956991775412     
   4.0148483002606143        1.0803593280261550     
   4.0254415675436244        1.0808229653976804     
   4.0360348348266335        1.0812866110372705     
   4.0466281021096435        1.0817502646897192     
   4.0572213693926527        1.0822139260994539     
   4.0678146366756627        1.0826775950105414     
   4.0784079039586718        1.0831412711666837     
   4.0890011712416818        1.0836049543112192     
   4.0995944385246910        1.0840686441871248     
   4.1101877058077010        1.0845323405370095     
   4.1207809730907101        1.0849960431031198     
   4.1313742403737193        1.0854597516273365     
   4.1419675076567293        1.0859234658511765     
   4.1525607749397384        1.0863871855157896     
   4.1631540422227484        1.0868509103619590     
   4.1737473095057576        1.0873146401301033     
   4.1843405767887676        1.0877783745602765     
   4.1949338440717767        1.0882421133921598     
   4.2055271113547867        1.0887058563650720     
   4.2161203786377959        1.0891696032179639     
   4.2267136459208059        1.0896333536894165     
   4.2373069132038150        1.0900971075176449     
   4.2479001804868242        1.0905608644404927     
   4.2584934477698342        1.0910246241954380     
   4.2690867150528433        1.0914883865195872     
   4.2796799823358533        1.0919521511496793     
   4.2902732496188625        1.0924159178220829     
   4.3008665169018725        1.0928796862727947     
   4.3114597841848816        1.0933434562374438     
   4.3220530514678916        1.0938072274512869     
   4.3326463187509008        1.0942709996492097     
   4.3432395860339108        1.0947347725657270     
   4.3538328533169199        1.0951985459349807     
   4.3644261205999291        1.0956623194907427     
   4.3750193878829391        1.0961260929664121     
   4.3856126551659482        1.0965898660950137     
   4.3962059224489582        1.0970536386092000     
   4.4067991897319674        1.0975174102412515     
   4.4173924570149774        1.0979811807230744     
   4.4279857242979865        1.0984449497862001     
   4.4385789915809966        1.0989087171617862     
   4.4491722588640057        1.0993724825806170     
   4.4597655261470157        1.0998362457730988     
   4.4703587934300248        1.1003000064692654     
   4.4809520607130340        1.1007637643987762     
   4.4915453279960440        1.1012275192909107     
   4.5021385952790531        1.1016912708745750     
   4.5127318625620632        1.1021550188782985     
   4.5233251298450723        1.1026187630302327     
   4.5339183971280823        1.1030825030581533     
   4.5445116644110914        1.1035462386894581     
   4.5551049316941015        1.1040099696511649     
   4.5656981989771106        1.1044736956699184     
   4.5762914662601206        1.1049374164719792     
   4.5868847335431298        1.1054011317832340     
   4.5974780008261398        1.1058648413291878     
   4.6080712681091489        1.1063285448349669     
   4.6186645353921580        1.1067922420253167     
   4.6292578026751681        1.1072559326246054     
   4.6398510699581772        1.1077196163568175     
   4.6504443372411872        1.1081832929455604     
   4.6610376045241964        1.1086469621140582     
   4.6716308718072064        1.1091106235851536     
   4.6822241390902155        1.1095742770813091     
   4.6928174063732255        1.1100379223246044     
   4.7034106736562347        1.1105015590367373     
   4.7140039409392447        1.1109651869390231     
   4.7245972082222538        1.1114288057523938     
   4.7351904755052630        1.1118924151973992     
   4.7457837427882730        1.1123560149942049     
   4.7563770100712821        1.1128196048625933     
   4.7669702773542921        1.1132831845219611     
   4.7775635446373013        1.1137467536913219     
   4.7881568119203113        1.1142103120893059     
   4.7987500792033204        1.1146738594341552     
   4.8093433464863304        1.1151373954437280     
   4.8199366137693396        1.1156009198354988     
   4.8305298810523496        1.1160644323265529     
   4.8411231483353587        1.1165279326335902     
   4.8517164156183679        1.1169914204729254     
   4.8623096829013779        1.1174548955604855     
   4.8729029501843870        1.1179183576118084     
   4.8834962174673970        1.1183818063420472     
   4.8940894847504062        1.1188452414659662     
   4.9046827520334162        1.1193086626979414     
   4.9152760193164253        1.1197720697519595     
   4.9258692865994353        1.1202354623416195     
   4.9364625538824445        1.1206988401801319     
   4.9470558211654545        1.1211622029803159     
   4.9576490884484636        1.1216255504546011     
   4.9682423557314728        1.1220888823150286     
   4.9788356230144828        1.1225521982732489     
   4.9894288902974919        1.1230154980405205     
   5.0000221575805019        1.1234787813277107     
   5.0106154248635111        1.1239420478452982     
   5.0212086921465211        1.1244052973033682     
   5.0318019594295302        1.1248685294116130     
   5.0423952267125403        1.1253317438793355     
   5.0529884939955494        1.1257949404154419     
   5.0635817612785594        1.1262581187284506     
   5.0741750285615685        1.1267212785264824     
   5.0847682958445777        1.1271844195172673     
   5.0953615631275877        1.1276475414081404     
   5.1059548304105968        1.1281106439060424     
   5.1165480976936069        1.1285737267175215     
   5.1271413649766160        1.1290367895487288     
   5.1377346322596260        1.1294998321054230     
   5.1483278995426351        1.1299628540929645     
   5.1589211668256452        1.1304258552163211     
   5.1695144341086543        1.1308888351800612     
   5.1801077013916643        1.1313517936883597     
   5.1907009686746735        1.1318147304449946     
   5.2012942359576826        1.1322776451533458     
   5.2118875032406926        1.1327405375163973     
   5.2224807705237017        1.1332034072367347     
   5.2330740378067118        1.1336662540165472     
   5.2436673050897209        1.1341290775576238     
   5.2542605723727309        1.1345918775613575     
   5.2648538396557401        1.1350546537287407     
   5.2754471069387501        1.1355174057603679     
   5.2860403742217592        1.1359801333564326     
   5.2966336415047692        1.1364428362167318     
   5.3072269087877784        1.1369055140406594     
   5.3178201760707875        1.1373681665272117     
   5.3284134433537975        1.1378307933749823     
   5.3390067106368067        1.1382933942821654     
   5.3495999779198167        1.1387559689465536     
   5.3601932452028258        1.1392185170655378     
   5.3707865124858358        1.1396810383361080     
   5.3813797797688450        1.1401435324548510     
   5.3919730470518550        1.1406059991179525     
   5.4025663143348641        1.1410684380211944     
   5.4131595816178741        1.1415308488599567     
   5.4237528489008833        1.1419932313292152     
   5.4343461161838924        1.1424555851235432     
   5.4449393834669024        1.1429179099371094     
   5.4555326507499116        1.1433802054636779     
   5.4661259180329216        1.1438424713966102     
   5.4767191853159307        1.1443047074288610     
   5.4873124525989407        1.1447669132529810     
   5.4979057198819499        1.1452290885611165     
   5.5084989871649599        1.1456912330450049     
   5.5190922544479690        1.1461533463959814     
   5.5296855217309790        1.1466154283049723     
   5.5402787890139882        1.1470774784625011     
   5.5508720562969973        1.1475394965586785     
   5.5614653235800073        1.1480014822832123     
   5.5720585908630165        1.1484634353254037     
   5.5826518581460265        1.1489253553741430     
   5.5932451254290356        1.1493872421179134     
   5.6038383927120456        1.1498490952447922     
   5.6144316599950548        1.1503109144424442     
   5.6250249272780648        1.1507726993981284     
   5.6356181945610739        1.1512344497986928     
   5.6462114618440840        1.1516961653305777     
   5.6568047291270931        1.1521578456798121     
   5.6673979964101022        1.1526194905320137     
   5.6779912636931122        1.1530810995723932     
   5.6885845309761214        1.1535426724857489     
   5.6991777982591314        1.1540042089564675     
   5.7097710655421405        1.1544657086685248     
   5.7203643328251506        1.1549271713054865     
   5.7309576001081597        1.1553885965505037     
   5.7415508673911697        1.1558499840863183     
   5.7521441346741788        1.1563113335952568     
   5.7627374019571889        1.1567726447592366     
   5.7733306692401980        1.1572339172597577     
   5.7839239365232071        1.1576951507779116     
   5.7945172038062172        1.1581563449943704     
   5.8051104710892263        1.1586174995893990     
   5.8157037383722363        1.1590786142428438     
   5.8262970056552454        1.1595396886341369     
   5.8368902729382555        1.1600007224422975     
   5.8474835402212646        1.1604617153459273     
   5.8580768075042746        1.1609226670232151     
   5.8686700747872838        1.1613835771519341     
   5.8792633420702938        1.1618444454094403     
   5.8898566093533029        1.1623052714726714     
   5.9004498766363120        1.1627660550181529     
   5.9110431439193221        1.1632267957219924     
   5.9216364112023312        1.1636874932598786     
   5.9322296784853412        1.1641481473070840     
   5.9428229457683504        1.1646087575384638     
   5.9534162130513604        1.1650693236284553     
   5.9640094803343695        1.1655298452510765     
   5.9746027476173795        1.1659903220799288     
   5.9851960149003887        1.1664507537881923     
   5.9957892821833987        1.1669111400486312     
   6.0063825494664078        1.1673714805335869     
   6.0169758167494169        1.1678317749149845     
   6.0275690840324270        1.1682920228643272     
   6.0381623513154361        1.1687522240526989     
   6.0487556185984461        1.1692123781507622     
   6.0593488858814553        1.1696724848287585     
   6.0699421531644653        1.1701325437565122     
   6.0805354204474744        1.1705925546034202     
   6.0911286877304844        1.1710525170384636     
   6.1017219550134936        1.1715124307301970     
   6.1123152222965036        1.1719722953467555     
   6.1229084895795127        1.1724321105558513     
   6.1335017568625219        1.1728918760247753     
   6.1440950241455319        1.1733515914203909     
   6.1546882914285410        1.1738112564091443     
   6.1652815587115510        1.1742708706570535     
   6.1758748259945602        1.1747304338297158     
   6.1864680932775702        1.1751899455923018     
   6.1970613605605793        1.1756494056095603     
   6.2076546278435893        1.1761088135458115     
   6.2182478951265985        1.1765681690649574     
   6.2288411624096085        1.1770274718304685     
   6.2394344296926176        1.1774867215053928     
   6.2500276969756268        1.1779459177523515     
   6.2606209642586368        1.1784050602335396     
   6.2712142315416459        1.1788641486107296     
   6.2818074988246559        1.1793231825452608     
   6.2924007661076651        1.1797821616980513     
   6.3029940333906751        1.1802410857295904     
   6.3135873006736842        1.1806999542999388     
   6.3241805679566943        1.1811587670687320     
   6.3347738352397034        1.1816175236951747     
   6.3453671025227134        1.1820762238380456     
   6.3559603698057225        1.1825348671556950     
   6.3665536370887326        1.1829934533060424     
   6.3771469043717417        1.1834519819465816     
   6.3877401716547508        1.1839104527343738     
   6.3983334389377609        1.1843688653260527     
   6.4089267062207700        1.1848272193778213     
   6.4195199735037800        1.1852855145454557     
   6.4301132407867891        1.1857437504842967     
   6.4407065080697992        1.1862019268492576     
   6.4512997753528083        1.1866600432948202     
   6.4618930426358183        1.1871180994750363     
   6.4724863099188275        1.1875760950435232     
   6.4830795772018375        1.1880340296534715     
   6.4936728444848466        1.1884919029576342     
   6.5042661117678557        1.1889497146083376     
   6.5148593790508658        1.1894074642574708     
   6.5254526463338749        1.1898651515564951     
   6.5360459136168849        1.1903227761564350     
   6.5466391808998941        1.1907803377078823     
   6.5572324481829041        1.1912378358609994     
   6.5678257154659132        1.1916952702655086     
   6.5784189827489232        1.1921526405707026     
   6.5890122500319324        1.1926099464254405     
   6.5996055173149424        1.1930671874781418     
   6.6101987845979515        1.1935243633767980     
   6.6207920518809606        1.1939814737689598     
   6.6313853191639707        1.1944385183017483     
   6.6419785864469798        1.1948954966218432     
   6.6525718537299898        1.1953524083754916     
   6.6631651210129990        1.1958092532085058     
   6.6737583882960090        1.1962660307662596     
   6.6843516555790181        1.1967227406936909     
   6.6949449228620281        1.1971793826353010     
   6.7055381901450373        1.1976359562351542     
   6.7161314574280473        1.1980924611368777     
   6.7267247247110564        1.1985488969836597     
   6.7373179919940656        1.1990052634182542     
   6.7479112592770756        1.1994615600829739     
   6.7585045265600847        1.1999177866196926     
   6.7690977938430947        1.2003739426698503     
   6.7796910611261039        1.2008300278744435     
   6.7902843284091139        1.2012860418740314     
   6.8008775956921230        1.2017419843087340     
   6.8114708629751330        1.2021978548182313     
   6.8220641302581422        1.2026536530417655     
   6.8326573975411522        1.2031093786181353     
   6.8432506648241613        1.2035650311857038     
   6.8538439321071705        1.2040206103823883     
   6.8644371993901805        1.2044761158456689     
   6.8750304666731896        1.2049315472125850     
   6.8856237339561996        1.2053869041197323     
   6.8962170012392088        1.2058421862032689     
   6.9068102685222188        1.2062973930989045     
   6.9174035358052279        1.2067525244419148     
   6.9279968030882380        1.2072075798671285     
   6.9385900703712471        1.2076625590089327     
   6.9491833376542571        1.2081174615012726     
   6.9597766049372662        1.2085722869776501     
   6.9703698722202754        1.2090270350711247     
   6.9809631395032854        1.2094817054143108     
   6.9915564067862945        1.2099362976393804     
   7.0021496740693046        1.2103908113780621     
   7.0127429413523137        1.2108452462616388     
   7.0233362086353237        1.2112996019209508     
   7.0339294759183328        1.2117538779863934     
   7.0445227432013429        1.2122080740879173     
   7.0551160104843520        1.2126621898550269     
   7.0657092777673620        1.2131162249167835     
   7.0763025450503712        1.2135701789018007     
   7.0868958123333803        1.2140240514382470     
   7.0974890796163903        1.2144778421538480     
   7.1080823468993994        1.2149315506758775     
   7.1186756141824095        1.2153851766311679     
   7.1292688814654186        1.2158387196461029     
   7.1398621487484286        1.2162921793466186     
   7.1504554160314377        1.2167455553582056     
   7.1610486833144478        1.2171988473059072     
   7.1716419505974569        1.2176520548143170     
   7.1822352178804669        1.2181051775075846     
   7.1928284851634761        1.2185582150094085     
   7.2034217524464852        1.2190111669430406     
   7.2140150197294952        1.2194640329312820     
   7.2246082870125043        1.2199168125964883     
   7.2352015542955144        1.2203695055605650     
   7.2457948215785235        1.2208221114449673     
   7.2563880888615335        1.2212746298707042     
   7.2669813561445427        1.2217270604583319     
   7.2775746234275527        1.2221794028279587     
   7.2881678907105618        1.2226316565992423     
   7.2987611579935718        1.2230838213913902     
   7.3093544252765810        1.2235358968231598     
   7.3199476925595901        1.2239878825128578     
   7.3305409598426001        1.2244397780783400     
   7.3411342271256093        1.2248915831370126     
   7.3517274944086193        1.2253432973058276     
   7.3623207616916284        1.2257949202012886     
   7.3729140289746384        1.2262464514394442     
   7.3835072962576476        1.2266978906358943     
   7.3941005635406576        1.2271492374057853     
   7.4046938308236667        1.2276004913638119     
   7.4152870981066767        1.2280516521242157     
   7.4258803653896859        1.2285027193007849     
   7.4364736326726950        1.2289536925068578     
   7.4470668999557050        1.2294045713553141     
   7.4576601672387142        1.2298553554585867     
   7.4682534345217242        1.2303060444286487     
   7.4788467018047333        1.2307566378770247     
   7.4894399690877433        1.2312071354147831     
   7.5000332363707525        1.2316575366525371     
   7.5106265036537625        1.2321078412004478     
   7.5212197709367716        1.2325580486682191     
   7.5318130382197817        1.2330081586651020     
   7.5424063055027908        1.2334581707998933     
   7.5529995727857999        1.2339080846809323     
   7.5635928400688099        1.2343578999161045     
   7.5741861073518191        1.2348076161128405     
   7.5847793746348291        1.2352572328781122     
   7.5953726419178382        1.2357067498184384     
   7.6059659092008483        1.2361561665398821     
   7.6165591764838574        1.2366054826480459     
   7.6271524437668674        1.2370546977480821     
   7.6377457110498765        1.2375038114446799     
   7.6483389783328866        1.2379528233420758     
   7.6589322456158957        1.2384017330440482     
   7.6695255128989048        1.2388505401539167     
   7.6801187801819149        1.2392992442745461     
   7.6907120474649240        1.2397478450083412     
   7.7013053147479340        1.2401963419572497     
   7.7118985820309431        1.2406447347227634     
   7.7224918493139532        1.2410930229059105     
   7.7330851165969623        1.2415412061072661     
   7.7436783838799723        1.2419892839269442     
   7.7542716511629814        1.2424372559646009     
   7.7648649184459915        1.2428851218194317     
   7.7754581857290006        1.2433328810901758     
   7.7860514530120097        1.2437805333751104     
   7.7966447202950198        1.2442280782720536     
   7.8072379875780289        1.2446755153783657     
   7.8178312548610389        1.2451228442909450     
   7.8284245221440480        1.2455700646062309     
   7.8390177894270581        1.2460171759202012     
   7.8496110567100672        1.2464641778283747     
   7.8602043239930772        1.2469110699258106     
   7.8707975912760864        1.2473578518071047     
   7.8813908585590964        1.2478045230663937     
   7.8919841258421055        1.2482510832973508     
   7.9025773931251146        1.2486975320931919     
   7.9131706604081247        1.2491438690466674     
   7.9237639276911338        1.2495900937500699     
   7.9343571949741438        1.2500362057952263     
   7.9449504622571530        1.2504822047735042     
   7.9555437295401630        1.2509280902758095     
   7.9661369968231721        1.2513738618925825     
   7.9767302641061821        1.2518195192138044     
   7.9873235313891913        1.2522650618289928     
   7.9979167986722013        1.2527104893272007     
   8.0085100659552104        1.2531558012970225     
   8.0191033332382204        1.2536009973265836     
   8.0296966005212287        1.2540460770035506     
   8.0402898678042387        1.2544910399151259     
   8.0508831350872487        1.2549358856480468     
   8.0614764023702588        1.2553806137885875     
   8.0720696696532670        1.2558252239225591     
   8.0826629369362770        1.2562697156353073     
   8.0932562042192870        1.2567140885117158     
   8.1038494715022971        1.2571583421362000     
   8.1144427387853053        1.2576024760927154     
   8.1250360060683153        1.2580464899647499     
   8.1356292733513254        1.2584903833353274     
   8.1462225406343336        1.2589341557870057     
   8.1568158079173436        1.2593778069018808     
   8.1674090752003536        1.2598213362615771     
   8.1780023424833637        1.2602647434472607     
   8.1885956097663719        1.2607080280396288     
   8.1991888770493819        1.2611511896189112     
   8.2097821443323920        1.2615942277648751     
   8.2203754116154020        1.2620371420568197     
   8.2309686788984102        1.2624799320735789     
   8.2415619461814202        1.2629225973935203     
   8.2521552134644303        1.2633651375945434     
   8.2627484807474385        1.2638075522540824     
   8.2733417480304485        1.2642498409491072     
   8.2839350153134585        1.2646920032561164     
   8.2945282825964686        1.2651340387511438     
   8.3051215498794768        1.2655759470097552     
   8.3157148171624868        1.2660177276070519     
   8.3263080844454969        1.2664593801176645     
   8.3369013517285069        1.2669009041157575     
   8.3474946190115151        1.2673422991750274     
   8.3580878862945251        1.2677835648687030     
   8.3686811535775352        1.2682247007695466     
   8.3792744208605434        1.2686657064498486     
   8.3898676881435534        1.2691065814814353     
   8.4004609554265635        1.2695473254356628     
   8.4110542227095735        1.2699879378834189     
   8.4216474899925817        1.2704284183951247     
   8.4322407572755917        1.2708687665407279     
   8.4428340245586018        1.2713089818897121     
   8.4534272918416118        1.2717490640110913     
   8.4640205591246200        1.2721890124734070     
   8.4746138264076301        1.2726288268447361     
   8.4852070936906401        1.2730685066926837     
   8.4958003609736483        1.2735080515843833     
   8.5063936282566583        1.2739474610865058     
   8.5169868955396684        1.2743867347652462     
   8.5275801628226784        1.2748258721863310     
   8.5381734301056866        1.2752648729150187     
   8.5487666973886967        1.2757037365160964     
   8.5593599646717067        1.2761424625538802     
   8.5699532319547167        1.2765810505922202     
   8.5805464992377249        1.2770195001944913     
   8.5911397665207350        1.2774578109235990     
   8.6017330338037450        1.2778959823419815     
   8.6123263010867532        1.2783340140116035     
   8.6229195683697633        1.2787719054939584     
   8.6335128356527733        1.2792096563500714     
   8.6441061029357833        1.2796472661404958     
   8.6546993702187915        1.2800847344253126     
   8.6652926375018016        1.2805220607641330     
   8.6758859047848116        1.2809592447160969     
   8.6864791720678216        1.2813962858398715     
   8.6970724393508299        1.2818331836936550     
   8.7076657066338399        1.2822699378351727     
   8.7182589739168499        1.2827065478216775     
   8.7288522411998581        1.2831430132099531     
   8.7394455084828682        1.2835793335563090     
   8.7500387757658782        1.2840155084165827     
   8.7606320430488882        1.2844515373461436     
   8.7712253103318965        1.2848874198998845     
   8.7818185776149065        1.2853231556322273     
   8.7924118448979165        1.2857587440971245     
   8.8030051121809265        1.2861941848480520     
   8.8135983794639348        1.2866294774380169     
   8.8241916467469448        1.2870646214195509     
   8.8347849140299548        1.2874996163447159     
   8.8453781813129631        1.2879344617650990     
   8.8559714485959731        1.2883691572318174     
   8.8665647158789831        1.2888037022955128     
   8.8771579831619931        1.2892380965063546     
   8.8877512504450014        1.2896723394140401     
   8.8983445177280114        1.2901064305677941     
   8.9089377850110214        1.2905403695163664     
   8.9195310522940314        1.2909741558080354     
   8.9301243195770397        1.2914077889906066     
   8.9407175868600497        1.2918412686114100     
   8.9513108541430597        1.2922745942173037     
   8.9619041214260680        1.2927077653546744     
   8.9724973887090780        1.2931407815694325     
   8.9830906559920880        1.2935736424070154     
   8.9936839232750980        1.2940063474123873     
   9.0042771905581063        1.2944388961300402     
   9.0148704578411163        1.2948712881039901     
   9.0254637251241263        1.2953035228777805     
   9.0360569924071363        1.2957355999944811     
   9.0466502596901446        1.2961675189966875     
   9.0572435269731546        1.2965992794265215     
   9.0678367942561646        1.2970308808256319     
   9.0784300615391746        1.2974623227351916     
   9.0890233288221829        1.2978936046959015     
   9.0996165961051929        1.2983247262479867     
   9.1102098633882029        1.2987556869311996     
   9.1208031306712112        1.2991864862848170     
   9.1313963979542212        1.2996171238476431     
   9.1419896652372312        1.3000475991580076     
   9.1525829325202412        1.3004779117537639     
   9.1631761998032495        1.3009080611722943     
   9.1737694670862595        1.3013380469505027     
   9.1843627343692695        1.3017678686248231     
   9.1949560016522796        1.3021975257312119     
   9.2055492689352878        1.3026270178051538     
   9.2161425362182978        1.3030563443816554     
   9.2267358035013078        1.3034855049952516     
   9.2373290707843161        1.3039144991800007     
   9.2479223380673261        1.3043433264694899     
   9.2585156053503361        1.3047719863968270     
   9.2691088726333462        1.3052004784946505     
   9.2797021399163544        1.3056288022951188     
   9.2902954071993644        1.3060569573299206     
   9.3008886744823744        1.3064849431302665     
   9.3114819417653845        1.3069127592268936     
   9.3220752090483927        1.3073404051500648     
   9.3326684763314027        1.3077678804295680     
   9.3432617436144128        1.3081951845947164     
   9.3538550108974210        1.3086223171743472     
   9.3644482781804310        1.3090492776968243     
   9.3750415454634410        1.3094760656900375     
   9.3856348127464511        1.3099026806814000     
   9.3962280800294593        1.3103291221978512     
   9.4068213473124693        1.3107553897658555     
   9.4174146145954793        1.3111814829114032     
   9.4280078818784894        1.3116074011600094     
   9.4386011491614976        1.3120331440367137     
   9.4491944164445076        1.3124587110660808     
   9.4597876837275177        1.3128841017722035     
   9.4703809510105259        1.3133093156786972     
   9.4809742182935359        1.3137343523087015     
   9.4915674855765459        1.3141592111848854     
   9.5021607528595560        1.3145838918294392     
   9.5127540201425642        1.3150083937640800     
   9.5233472874255742        1.3154327165100519     
   9.5339405547085843        1.3158568595881215     
   9.5445338219915943        1.3162808225185809     
   9.5551270892746025        1.3167046048212501     
   9.5657203565576125        1.3171282060154732     
   9.5763136238406226        1.3175516256201187     
   9.5869068911236308        1.3179748631535819     
   9.5975001584066408        1.3183979181337844     
   9.6080934256896509        1.3188207900781690     
   9.6186866929726609        1.3192434785037090     
   9.6292799602556691        1.3196659829269017     
   9.6398732275386791        1.3200883028637682     
   9.6504664948216892        1.3205104378298576     
   9.6610597621046992        1.3209323873402425     
   9.6716530293877074        1.3213541509095250     
   9.6822462966707175        1.3217757280518279     
   9.6928395639537275        1.3221971182808028     
   9.7034328312367357        1.3226183211096276     
   9.7140260985197457        1.3230393360510040     
   9.7246193658027558        1.3234601626171623     
   9.7352126330857658        1.3238808003198548     
   9.7458059003687740        1.3243012486703649     
   9.7563991676517841        1.3247215071794980     
   9.7669924349347941        1.3251415753575875     
   9.7775857022178041        1.3255614527144917     
   9.7881789695008123        1.3259811387595983     
   9.7987722367838224        1.3264006330018179     
   9.8093655040668324        1.3268199349495884     
   9.8199587713498406        1.3272390441108759     
   9.8305520386328507        1.3276579599931695     
   9.8411453059158607        1.3280766821034895     
   9.8517385731988707        1.3284952099483791     
   9.8623318404818789        1.3289135430339096     
   9.8729251077648890        1.3293316808656792     
   9.8835183750478990        1.3297496229488137     
   9.8941116423309090        1.3301673687879647     
   9.9047049096139173        1.3305849178873106     
   9.9152981768969273        1.3310022697505575     
   9.9258914441799373        1.3314194238809391     
   9.9364847114629455        1.3318363797812167     
   9.9470779787459556        1.3322531369536790     
   9.9576712460289656        1.3326696949001402     
   9.9682645133119756        1.3330860531219442     
   9.9788577805949839        1.3335022111199617     
   9.9894510478779939        1.3339181683945922     
   10.000044315161004        1.3343339244457604     
   10.010637582444014        1.3347494787729226     
   10.021230849727022        1.3351648308750612     
   10.031824117010032        1.3355799802506878     
   10.042417384293042        1.3359949263978397     
   10.053010651576050        1.3364096688140852     
   10.063603918859060        1.3368242069965208     
   10.074197186142070        1.3372385404417719     
   10.084790453425081        1.3376526686459904     
   10.095383720708089        1.3380665911048597     
   10.105976987991099        1.3384803073135920     
   10.116570255274109        1.3388938167669269     
   10.127163522557119        1.3393071189591339     
   10.137756789840127        1.3397202133840118     
   10.148350057123137        1.3401330995348910     
   10.158943324406147        1.3405457769046281     
   10.169536591689155        1.3409582449856126     
   10.180129858972165        1.3413705032697614     
   10.190723126255175        1.3417825512485237     
   10.201316393538185        1.3421943884128762     
   10.211909660821194        1.3426060142533289     
   10.222502928104204        1.3430174282599217     
   10.233096195387214        1.3434286299222218     
   10.243689462670224        1.3438396187293333     
   10.254282729953232        1.3442503941698831     
   10.264875997236242        1.3446609557320377     
   10.275469264519252        1.3450713029034895     
   10.286062531802260        1.3454814351714637     
   10.296655799085270        1.3458913520227178     
   10.307249066368280        1.3463010529435400     
   10.317842333651290        1.3467105374197514     
   10.328435600934299        1.3471198049367039     
   10.339028868217309        1.3475288549792830     
   10.349622135500319        1.3479376870319062     
   10.360215402783329        1.3483463005785228     
   10.370808670066337        1.3487546951026164     
   10.381401937349347        1.3491628700872025     
   10.391995204632357        1.3495708250148304     
   10.402588471915365        1.3499785593675822     
   10.413181739198375        1.3503860726270740     
   10.423775006481385        1.3507933642744567     
   10.434368273764395        1.3512004337904122     
   10.444961541047403        1.3516072806551582     
   10.455554808330414        1.3520139043484480     
   10.466148075613424        1.3524203043495684     
   10.476741342896434        1.3528264801373404     
   10.487334610179442        1.3532324311901209     
   10.497927877462452        1.3536381569858018     
   10.508521144745462        1.3540436570018102     
   10.519114412028470        1.3544489307151084     
   10.529707679311480        1.3548539776021957     
   10.540300946594490        1.3552587971391061     
   10.550894213877500        1.3556633888014122     
   10.561487481160508        1.3560677520642197     
   10.572080748443518        1.3564718864021745     
   10.582674015726528        1.3568757912894573     
