   0.0000000000000000       0.30605642815330192     
  1.05932672830095376E-002  0.30612917186738181     
  2.11865345660190753E-002  0.30620205765997183     
  3.17798018490286147E-002  0.30627508563711664     
  4.23730691320381506E-002  0.30634825590489334     
  5.29663364150476865E-002  0.30642156856940095     
  6.35596036980572293E-002  0.30649502373677173     
  7.41528709810667652E-002  0.30656862151315739     
  8.47461382640763011E-002  0.30664236200474448     
  9.53394055470858370E-002  0.30671624531774189     
  0.10593267283009537       0.30679027155838828     
  0.11652594011310491       0.30686444083294734     
  0.12711920739611446       0.30693875324770864     
  0.13771247467912398       0.30701320890899420     
  0.14830574196213353       0.30708780792314683     
  0.15889900924514305       0.30716255039653922     
  0.16949227652815260       0.30723743643557155     
  0.18008554381116215       0.30731246614666879     
  0.19067881109417167       0.30738763963628246     
  0.20127207837718122       0.30746295701089288     
  0.21186534566019075       0.30753841837700657     
  0.22245861294320030       0.30761402384115305     
  0.23305188022620982       0.30768977350989385     
  0.24364514750921937       0.30776566748981449     
  0.25423841479222892       0.30784170588752452     
  0.26483168207523844       0.30791788880966547     
  0.27542494935824796       0.30799421636289764     
  0.28601821664125754       0.30807068865391640     
  0.29661148392426706       0.30814730578943561     
  0.30720475120727658       0.30822406787619999     
  0.31779801849028610       0.30830097502097992     
  0.32839128577329568       0.30837802733056879     
  0.33898455305630520       0.30845522491179111     
  0.34957782033931473       0.30853256787149291     
  0.36017108762232430       0.30861005631654859     
  0.37076435490533383       0.30868769035385690     
  0.38135762218834335       0.30876547009034361     
  0.39195088947135287       0.30884339563296137     
  0.40254415675436245       0.30892146708868529     
  0.41313742403737197       0.30899968456452132     
  0.42373069132038149       0.30907804816749485     
  0.43432395860339107       0.30915655800466246     
  0.44491722588640059       0.30923521418310274     
  0.45551049316941011       0.30931401680992016     
  0.46610376045241964       0.30939296599224747     
  0.47669702773542921       0.30947206183724013     
  0.48729029501843873       0.30955130445208046     
  0.49788356230144826       0.30963069394397591     
  0.50847682958445783       0.30971023042015683     
  0.51907009686746730       0.30978991398788264     
  0.52966336415047688       0.30986974475443524     
  0.54025663143348646       0.30994972282712296     
  0.55084989871649592       0.31002984831328007     
  0.56144316599950550       0.31011012132026172     
  0.57203643328251508       0.31019054195545293     
  0.58262970056552454       0.31027111032626253     
  0.59322296784853412       0.31035182654012144     
  0.60381623513154370       0.31043269070449020     
  0.61440950241455317       0.31051370292684938     
  0.62500276969756274       0.31059486331470676     
  0.63559603698057221       0.31067617197559494     
  0.64618930426358179       0.31075762901706894     
  0.65678257154659136       0.31083923454671247     
  0.66737583882960083       0.31092098867213119     
  0.67796910611261041       0.31100289150095395     
  0.68856237339561999       0.31108494314083579     
  0.69915564067862945       0.31116714369945614     
  0.70974890796163903       0.31124949328451934     
  0.72034217524464861       0.31133199200375261     
  0.73093544252765807       0.31141463996490826     
  0.74152870981066765       0.31149743727576246     
  0.75212197709367712       0.31158038404411387     
  0.76271524437668670       0.31166348037779068     
  0.77330851165969627       0.31174672638463924     
  0.78390177894270574       0.31183012217253153     
  0.79449504622571532       0.31191366784936325     
  0.80508831350872490       0.31199736352305774     
  0.81568158079173436       0.31208120930155658     
  0.82627484807474394       0.31216520529282865     
  0.83686811535775352       0.31224935160486461     
  0.84746138264076298       0.31233364834568056     
  0.85805464992377256       0.31241809562331424     
  0.86864791720678214       0.31250269354582888     
  0.87924118448979161       0.31258744222131030     
  0.88983445177280118       0.31267234175786723     
  0.90042771905581065       0.31275739226363353     
  0.91102098633882023       0.31284259384676372     
  0.92161425362182980       0.31292794661543866     
  0.93220752090483927       0.31301345067785941     
  0.94280078818784885       0.31309910614225178     
  0.95339405547085843       0.31318491311686547     
  0.96398732275386789       0.31327087170997198     
  0.97458059003687747       0.31335698202986445     
  0.98517385731988705       0.31344324418486397     
  0.99576712460289651       0.31352965828330942     
   1.0063603918859061       0.31361622443356429     
   1.0169536591689157       0.31370294274401456     
   1.0275469264519252       0.31378981332307038     
   1.0381401937349346       0.31387683627916224     
   1.0487334610179442       0.31396401172074556     
   1.0593267283009538       0.31405133975629623     
   1.0699199955839633       0.31413882049431385     
   1.0805132628669729       0.31422645404332061     
   1.0911065301499823       0.31431424051186130     
   1.1016997974329918       0.31440218000850106     
   1.1122930647160014       0.31449027264182905     
   1.1228863319990110       0.31457851852045665     
   1.1334795992820206       0.31466691775301786     
   1.1440728665650302       0.31475547044816699     
   1.1546661338480395       0.31484417671458087     
   1.1652594011310491       0.31493303666095923     
   1.1758526684140587       0.31502205039602477     
   1.1864459356970682       0.31511121802851794     
   1.1970392029800778       0.31520053966720546     
   1.2076324702630874       0.31529001542087343     
   1.2182257375460968       0.31537964539833019     
   1.2288190048291063       0.31546942970840697     
   1.2394122721121159       0.31555936845995275     
   1.2500055393951255       0.31564946176184244     
   1.2605988066781351       0.31573970972297044     
   1.2711920739611444       0.31583011245225329     
   1.2817853412441540       0.31592067005862695     
   1.2923786085271636       0.31601138265105067     
   1.3029718758101732       0.31610225033850375     
   1.3135651430931827       0.31619327322998769     
   1.3241584103761923       0.31628445143452560     
   1.3347516776592017       0.31637578506115721     
   1.3453449449422112       0.31646727421894966     
   1.3559382122252208       0.31655891901698735     
   1.3665314795082304       0.31665071956437557     
   1.3771247467912400       0.31674267597024175     
   1.3877180140742493       0.31683478834373147     
   1.3983112813572589       0.31692705679401323     
   1.4089045486402685       0.31701948143027819     
   1.4194978159232781       0.31711206236173384     
   1.4300910832062876       0.31720479969760862     
   1.4406843504892972       0.31729769354715376     
   1.4512776177723066       0.31739074401964151     
   1.4618708850553161       0.31748395122435863     
   1.4724641523383257       0.31757731527062077     
   1.4830574196213353       0.31767083626775544     
   1.4936506869043449       0.31776451432511493     
   1.5042439541873542       0.31785834955207271     
   1.5148372214703638       0.31795234205801776     
   1.5254304887533734       0.31804649195236218     
   1.5360237560363830       0.31814079934453726     
   1.5466170233193925       0.31823526434399441     
   1.5572102906024021       0.31832988706020315     
   1.5678035578854115       0.31842466760265375     
   1.5783968251684211       0.31851960608085789     
   1.5889900924514306       0.31861470260434360     
   1.5995833597344402       0.31870995728266138     
   1.6101766270174498       0.31880537022537681     
   1.6207698943004594       0.31890094154208104     
   1.6313631615834687       0.31899667134237902     
   1.6419564288664783       0.31909255973589867     
   1.6525496961494879       0.31918860683228384     
   1.6631429634324975       0.31928481274119885     
   1.6737362307155070       0.31938117757232776     
   1.6843294979985164       0.31947770143537463     
   1.6949227652815260       0.31957438444005948     
   1.7055160325645355       0.31967122669612169     
   1.7161092998475451       0.31976822831332147     
   1.7267025671305547       0.31986538940143583     
   1.7372958344135643       0.31996271007026100     
   1.7478891016965736       0.32006019042961420     
   1.7584823689795832       0.32015783058932618     
   1.7690756362625928       0.32025563065924911     
   1.7796689035456024       0.32035359074925474     
   1.7902621708286119       0.32045171096922859     
   1.8008554381116213       0.32054999142907953     
   1.8114487053946309       0.32064843223873218     
   1.8220419726776405       0.32074703350812944     
   1.8326352399606500       0.32084579534723062     
   1.8432285072436596       0.32094471786601708     
   1.8538217745266692       0.32104380117448500     
   1.8644150418096785       0.32114304538264660     
   1.8750083090926881       0.32124245060053697     
   1.8856015763756977       0.32134201693820685     
   1.8961948436587073       0.32144174450572044     
   1.9067881109417169       0.32154163341316550     
   1.9173813782247262       0.32164168377064473     
   1.9279746455077358       0.32174189568827538     
   1.9385679127907454       0.32184226927619802     
   1.9491611800737549       0.32194280464456587     
   1.9597544473567645       0.32204350190355002     
   1.9703477146397741       0.32214436116334183     
   1.9809409819227835       0.32224538253414481     
   1.9915342492057930       0.32234656612618329     
   2.0021275164888026       0.32244791204969664     
   2.0127207837718122       0.32254942041494050     
   2.0233140510548218       0.32265109133219089     
   2.0339073183378313       0.32275292491173568     
   2.0445005856208409       0.32285492126388277     
   2.0550938529038505       0.32295708049895427     
   2.0656871201868596       0.32305940272729239     
   2.0762803874698692       0.32316188805925167     
   2.0868736547528788       0.32326453660520432     
   2.0974669220358884       0.32336734847553866     
   2.1080601893188979       0.32347032378066271     
   2.1186534566019075       0.32357346263099457     
   2.1292467238849171       0.32367676513697147     
   2.1398399911679267       0.32378023140904794     
   2.1504332584509362       0.32388386155769194     
   2.1610265257339458       0.32398765569338950     
   2.1716197930169554       0.32409161392664010     
   2.1822130602999645       0.32419573636795901     
   2.1928063275829741       0.32430002312788087     
   2.2033995948659837       0.32440447431694974     
   2.2139928621489933       0.32450909004573103     
   2.2245861294320028       0.32461387042480178     
   2.2351793967150124       0.32471881556475446     
   2.2457726639980220       0.32482392557619971     
   2.2563659312810316       0.32492920056975988     
   2.2669591985640412       0.32503464065607468     
   2.2775524658470507       0.32514024594579738     
   2.2881457331300603       0.32524601654959701     
   2.2987390004130699       0.32535195257815747     
   2.3093322676960790       0.32545805414217660     
   2.3199255349790886       0.32556432135236790     
   2.3305188022620982       0.32567075431945802     
   2.3411120695451078       0.32577735315419126     
   2.3517053368281173       0.32588411796732297     
   2.3622986041111269       0.32599104886962244     
   2.3728918713941365       0.32609814597187853     
   2.3834851386771461       0.32620540938488807     
   2.3940784059601556       0.32631283921946563     
   2.4046716732431652       0.32642043558643968     
   2.4152649405261748       0.32652819859665033     
   2.4258582078091839       0.32663612836095446     
   2.4364514750921935       0.32674422499022188     
   2.4470447423752031       0.32685248859533461     
   2.4576380096582127       0.32696091928719062     
   2.4682312769412222       0.32706951717669924     
   2.4788245442242318       0.32717828237478558     
   2.4894178115072414       0.32728721499238633     
   2.5000110787902510       0.32739631514045203     
   2.5106043460732606       0.32750558292994786     
   2.5211976133562701       0.32761501847185021     
   2.5317908806392797       0.32772462187714974     
   2.5423841479222888       0.32783439325684871     
   2.5529774152052984       0.32794433272196466     
   2.5635706824883080       0.32805444038352616     
   2.5741639497713176       0.32816471635257455     
   2.5847572170543271       0.32827516074016666     
   2.5953504843373367       0.32838577365736610     
   2.6059437516203463       0.32849655521525595     
   2.6165370189033559       0.32860750552492901     
   2.6271302861863655       0.32871862469748492     
   2.6377235534693750       0.32882991284404506     
   2.6483168207523846       0.32894137007573715     
   2.6589100880353937       0.32905299650370162     
   2.6695033553184033       0.32916479223909245     
   2.6800966226014129       0.32927675739307583     
   2.6906898898844225       0.32938889207682565     
   2.7012831571674321       0.32950119640153347     
   2.7118764244504416       0.32961367047840012     
   2.7224696917334512       0.32972631441863581     
   2.7330629590164608       0.32983912833346440     
   2.7436562262994704       0.32995211233412297     
   2.7542494935824799       0.33006526653185436     
   2.7648427608654895       0.33017859103791930     
   2.7754360281484987       0.33029208596358522     
   2.7860292954315082       0.33040575142013412     
   2.7966225627145178       0.33051958751885302     
   2.8072158299975274       0.33063359437104811     
   2.8178090972805370       0.33074777208802947     
   2.8284023645635465       0.33086212078112170     
   2.8389956318465561       0.33097664056165804     
   2.8495888991295657       0.33109133154098386     
   2.8601821664125753       0.33120619383045447     
   2.8707754336955849       0.33132122754143523     
   2.8813687009785944       0.33143643278530144     
   2.8919619682616036       0.33155180967343956     
   2.9025552355446131       0.33166735831724664     
   2.9131485028276227       0.33178307882812758     
   2.9237417701106323       0.33189897131749974     
   2.9343350373936419       0.33201503589678916     
   2.9449283046766515       0.33213127267743181     
   2.9555215719596610       0.33224768177087211     
   2.9661148392426706       0.33236426328856727     
   2.9767081065256802       0.33248101734197899     
   2.9873013738086898       0.33259794404258369     
   2.9978946410916993       0.33271504350186398     
   3.0084879083747085       0.33283231583131356     
   3.0190811756577181       0.33294976114243241     
   3.0296744429407276       0.33306737954673249     
   3.0402677102237372       0.33318517115573310     
   3.0508609775067468       0.33330313608096335     
   3.0614542447897564       0.33342127443395969     
   3.0720475120727659       0.33353958632626812     
   3.0826407793557755       0.33365807186944590     
   3.0932340466387851       0.33377673117505263     
   3.1038273139217947       0.33389556435466261     
   3.1144205812048043       0.33401457151985353     
   3.1250138484878134       0.33413375278221469     
   3.1356071157708230       0.33425310825334265     
   3.1462003830538325       0.33437263804484002     
   3.1567936503368421       0.33449234226832147     
   3.1673869176198517       0.33461222103540350     
   3.1779801849028613       0.33473227445771675     
   3.1885734521858708       0.33485250264689576     
   3.1991667194688804       0.33497290571458244     
   3.2097599867518900       0.33509348377242854     
   3.2203532540348996       0.33521423693209063     
   3.2309465213179092       0.33533516530523449     
   3.2415397886009187       0.33545626900353209     
   3.2521330558839279       0.33557754813866153     
   3.2627263231669374       0.33569900282231047     
   3.2733195904499470       0.33582063316617017     
   3.2839128577329566       0.33594243928194240     
   3.2945061250159662       0.33606442128133285     
   3.3050993922989758       0.33618657927605439     
   3.3156926595819853       0.33630891337782559     
   3.3262859268649949       0.33643142369837653     
   3.3368791941480045       0.33655411034943317     
   3.3474724614310141       0.33667697344273723     
   3.3580657287140236       0.33680001309003105     
   3.3686589959970328       0.33692322940307023     
   3.3792522632800424       0.33704662249360595     
   3.3898455305630519       0.33717019247340280     
   3.4004387978460615       0.33729393945422675     
   3.4110320651290711       0.33741786354785014     
   3.4216253324120807       0.33754196486605653     
   3.4322185996950902       0.33766624352062780     
   3.4428118669780998       0.33779069962335156     
   3.4534051342611094       0.33791533328602397     
   3.4639984015441190       0.33804014462044607     
   3.4745916688271286       0.33816513373841922     
   3.4851849361101377       0.33829030075175626     
   3.4957782033931473       0.33841564577226874     
   3.5063714706761568       0.33854116891177849     
   3.5169647379591664       0.33866687028210612     
   3.5275580052421760       0.33879274999508269     
   3.5381512725251856       0.33891880816253722     
   3.5487445398081952       0.33904504489630849     
   3.5593378070912047       0.33917146030823697     
   3.5699310743742143       0.33929805451016792     
   3.5805243416572239       0.33942482761394788     
   3.5911176089402335       0.33955177973143319     
   3.6017108762232426       0.33967891097447461     
   3.6123041435062522       0.33980622145493761     
   3.6228974107892618       0.33993371128468314     
   3.6334906780722713       0.34006138057557583     
   3.6440839453552809       0.34018922943948909     
   3.6546772126382905       0.34031725798829415     
   3.6652704799213001       0.34044546633386852     
   3.6758637472043096       0.34057385458809047     
   3.6864570144873192       0.34070242286284247     
   3.6970502817703288       0.34083117127001039     
   3.7076435490533384       0.34096009992148107     
   3.7182368163363475       0.34108920892914402     
   3.7288300836193571       0.34121849840489143     
   3.7394233509023667       0.34134796846062049     
   3.7500166181853762       0.34147761920822434     
   3.7606098854683858       0.34160745075960619     
   3.7712031527513954       0.34173746322666593     
   3.7817964200344050       0.34186765672130498     
   3.7923896873174145       0.34199803135543189     
   3.8029829546004241       0.34212858724094780     
   3.8135762218834337       0.34225932448976382     
   3.8241694891664433       0.34239024321378736     
   3.8347627564494524       0.34252134352493246     
   3.8453560237324620       0.34265262553510878     
   3.8559492910154716       0.34278408935623067     
   3.8665425582984811       0.34291573510020967     
   3.8771358255814907       0.34304756287896343     
   3.8877290928645003       0.34317957280440559     
   3.8983223601475099       0.34331176498845489     
   3.9089156274305195       0.34344413954302505     
   3.9195088947135290       0.34357669658003609     
   3.9301021619965386       0.34370943621140460     
   3.9406954292795482       0.34384235854904582     
   3.9512886965625573       0.34397546370488130     
   3.9618819638455669       0.34410875179082662     
   3.9724752311285765       0.34424222291879986     
   3.9830684984115861       0.34437587720071827     
   3.9936617656945956       0.34450971474849928     
   4.0042550329776052       0.34464373567405721     
   4.0148483002606143       0.34477794008931223     
   4.0254415675436244       0.34491232810617450     
   4.0360348348266335       0.34504689983655984     
   4.0466281021096435       0.34518165539238177     
   4.0572213693926527       0.34531659488555383     
   4.0678146366756627       0.34545171842798439     
   4.0784079039586718       0.34558702613158432     
   4.0890011712416818       0.34572251810825982     
   4.0995944385246910       0.34585819446991883     
   4.1101877058077010       0.34599405532846700     
   4.1207809730907101       0.34613010079580558     
   4.1313742403737193       0.34626633098383514     
   4.1419675076567293       0.34640274600445725     
   4.1525607749397384       0.34653934596956704     
   4.1631540422227484       0.34667613099105860     
   4.1737473095057576       0.34681310118082365     
   4.1843405767887676       0.34695025665075191     
   4.1949338440717767       0.34708759751273111     
   4.2055271113547867       0.34722512387864374     
   4.2161203786377959       0.34736283586037359     
   4.2267136459208059       0.34750073356979527     
   4.2373069132038150       0.34763881711878580     
   4.2479001804868242       0.34777708661921675     
   4.2584934477698342       0.34791554218295428     
   4.2690867150528433       0.34805418392186538     
   4.2796799823358533       0.34819301194781022     
   4.2902732496188625       0.34833202637264560     
   4.3008665169018725       0.34847122730822355     
   4.3114597841848816       0.34861061486639644     
   4.3220530514678916       0.34875018915900641     
   4.3326463187509008       0.34888995029789616     
   4.3432395860339108       0.34902989839490062     
   4.3538328533169199       0.34917003356185111     
   4.3644261205999291       0.34931035591057619     
   4.3750193878829391       0.34945086555289995     
   4.3856126551659482       0.34959156260063479     
   4.3962059224489582       0.34973244716559593     
   4.4067991897319674       0.34987351935959254     
   4.4173924570149774       0.35001477929441982     
   4.4279857242979865       0.35015622708188099     
   4.4385789915809966       0.35029786283376113     
   4.4491722588640057       0.35043968666185316     
   4.4597655261470157       0.35058169867792621     
   4.4703587934300248       0.35072389899375950     
   4.4809520607130340       0.35086628772112050     
   4.4915453279960440       0.35100886497176753     
   4.5021385952790531       0.35115163085745416     
   4.5127318625620632       0.35129458548993198     
   4.5233251298450723       0.35143772898094089     
   4.5339183971280823       0.35158106144221318     
   4.5445116644110914       0.35172458298547848     
   4.5551049316941015       0.35186829372245720     
   4.5656981989771106       0.35201219376486270     
   4.5762914662601206       0.35215628322440157     
   4.5868847335431298       0.35230056221277106     
   4.5974780008261398       0.35244503084166318     
   4.6080712681091489       0.35258968922276013     
   4.6186645353921580       0.35273453746773803     
   4.6292578026751681       0.35287957568826561     
   4.6398510699581772       0.35302480399600156     
   4.6504443372411872       0.35317022250259633     
   4.6610376045241964       0.35331583131969241     
   4.6716308718072064       0.35346163055892449     
   4.6822241390902155       0.35360762033191745     
   4.6928174063732255       0.35375380075028873     
   4.7034106736562347       0.35390017192564477     
   4.7140039409392447       0.35404673396958447     
   4.7245972082222538       0.35419348699369890     
   4.7351904755052630       0.35434043110956714     
   4.7457837427882730       0.35448756642875728     
   4.7563770100712821       0.35463489306283491     
   4.7669702773542921       0.35478241112334485     
   4.7775635446373013       0.35493012072183261     
   4.7881568119203113       0.35507802196982780     
   4.7987500792033204       0.35522611497885165     
   4.8093433464863304       0.35537439986041136     
   4.8199366137693396       0.35552287672601168     
   4.8305298810523496       0.35567154568713971     
   4.8411231483353587       0.35582040685527194     
   4.8517164156183679       0.35596946034187754     
   4.8623096829013779       0.35611870625841208     
   4.8729029501843870       0.35626814471632079     
   4.8834962174673970       0.35641777582703782     
   4.8940894847504062       0.35656759970198443     
   4.9046827520334162       0.35671761645257011     
   4.9152760193164253       0.35686782619019658     
   4.9258692865994353       0.35701822902624852     
   4.9364625538824445       0.35716882507210085     
   4.9470558211654545       0.35731961443911536     
   4.9576490884484636       0.35747059723864111     
   4.9682423557314728       0.35762177358201730     
   4.9788356230144828       0.35777314358056689     
   4.9894288902974919       0.35792470734559917     
   5.0000221575805019       0.35807646498841794     
   5.0106154248635111       0.35822841662030680     
   5.0212086921465211       0.35838056235253862     
   5.0318019594295302       0.35853290229636664     
   5.0423952267125403       0.35868543656304436     
   5.0529884939955494       0.35883816526379619     
   5.0635817612785594       0.35899108850984418     
   5.0741750285615685       0.35914420641238698     
   5.0847682958445777       0.35929751908261670     
   5.0953615631275877       0.35945102663170836     
   5.1059548304105968       0.35960472917081826     
   5.1165480976936069       0.35975862681109688     
   5.1271413649766160       0.35991271966367083     
   5.1377346322596260       0.36006700783965923     
   5.1483278995426351       0.36022149145015925     
   5.1589211668256452       0.36037617060625721     
   5.1695144341086543       0.36053104541902348     
   5.1801077013916643       0.36068611599950873     
   5.1907009686746735       0.36084138245875602     
   5.2012942359576826       0.36099684490778222     
   5.2118875032406926       0.36115250345759903     
   5.2224807705237017       0.36130835821919227     
   5.2330740378067118       0.36146440930353535     
   5.2436673050897209       0.36162065682158773     
   5.2542605723727309       0.36177710088428694     
   5.2648538396557401       0.36193374160255720     
   5.2754471069387501       0.36209057908730363     
   5.2860403742217592       0.36224761344941547     
   5.2966336415047692       0.36240484479976487     
   5.3072269087877784       0.36256227324920864     
   5.3178201760707875       0.36271989890857548     
   5.3284134433537975       0.36287772188869077     
   5.3390067106368067       0.36303574230034930     
   5.3495999779198167       0.36319396025433809     
   5.3601932452028258       0.36335237586141522     
   5.3707865124858358       0.36351098923233183     
   5.3813797797688450       0.36366980047781183     
   5.3919730470518550       0.36382880970856057     
   5.4025663143348641       0.36398801703526973     
   5.4131595816178741       0.36414742256860871     
   5.4237528489008833       0.36430702641922152     
   5.4343461161838924       0.36446682869774960     
   5.4449393834669024       0.36462682951479319     
   5.4555326507499116       0.36478702898094800     
   5.4661259180329216       0.36494742720678391     
   5.4767191853159307       0.36510802430285233     
   5.4873124525989407       0.36526882037968289     
   5.4979057198819499       0.36542981554778564     
   5.5084989871649599       0.36559100991764593     
   5.5190922544479690       0.36575240359973771     
   5.5296855217309790       0.36591399670450558     
   5.5402787890139882       0.36607578934237311     
   5.5508720562969973       0.36623778162374626     
   5.5614653235800073       0.36639997365900745     
   5.5720585908630165       0.36656236555852156     
   5.5826518581460265       0.36672495743261985     
   5.5932451254290356       0.36688774939162583     
   5.6038383927120456       0.36705074154583095     
   5.6144316599950548       0.36721393400550789     
   5.6250249272780648       0.36737732688090824     
   5.6356181945610739       0.36754092028225610     
   5.6462114618440840       0.36770471431975643     
   5.6568047291270931       0.36786870910358999     
   5.6673979964101022       0.36803290474391293     
   5.6779912636931122       0.36819730135085871     
   5.6885845309761214       0.36836189903453936     
   5.6991777982591314       0.36852669790504039     
   5.7097710655421405       0.36869169807242314     
   5.7203643328251506       0.36885689964672785     
   5.7309576001081597       0.36902230273796438     
   5.7415508673911697       0.36918790745612512     
   5.7521441346741788       0.36935371391116967     
   5.7627374019571889       0.36951972221304180     
   5.7733306692401980       0.36968593247165116     
   5.7839239365232071       0.36985234479689116     
   5.7945172038062172       0.37001895929862127     
   5.8051104710892263       0.37018577608667963     
   5.8157037383722363       0.37035279527088133     
   5.8262970056552454       0.37052001696100584     
   5.8368902729382555       0.37068744126681508     
   5.8474835402212646       0.37085506829804371     
   5.8580768075042746       0.37102289816439543     
   5.8686700747872838       0.37119093097554917     
   5.8792633420702938       0.37135916684116199     
   5.8898566093533029       0.37152760587085237     
   5.9004498766363120       0.37169624817421915     
   5.9110431439193221       0.37186509386083938     
   5.9216364112023312       0.37203414304025106     
   5.9322296784853412       0.37220339582196560     
   5.9428229457683504       0.37237285231547257     
   5.9534162130513604       0.37254251263023269     
   5.9640094803343695       0.37271237687566594     
   5.9746027476173795       0.37288244516118357     
   5.9851960149003887       0.37305271759615227     
   5.9957892821833987       0.37322319428991729     
   6.0063825494664078       0.37339387535179058     
   6.0169758167494169       0.37356476089105634     
   6.0275690840324270       0.37373585101696860     
   6.0381623513154361       0.37390714583875234     
   6.0487556185984461       0.37407864546560321     
   6.0593488858814553       0.37425035000667939     
   6.0699421531644653       0.37442225957112507     
   6.0805354204474744       0.37459437426803283     
   6.0911286877304844       0.37476669420648012     
   6.1017219550134936       0.37493921949550901     
   6.1123152222965036       0.37511195024412558     
   6.1229084895795127       0.37528488656130971     
   6.1335017568625219       0.37545802855600752     
   6.1440950241455319       0.37563137633713622     
   6.1546882914285410       0.37580493001357596     
   6.1652815587115510       0.37597868969417969     
   6.1758748259945602       0.37615265548776244     
   6.1864680932775702       0.37632682750311125     
   6.1970613605605793       0.37650120584897689     
   6.2076546278435893       0.37667579063407958     
   6.2182478951265985       0.37685058196710974     
   6.2288411624096085       0.37702557995671437     
   6.2394344296926176       0.37720078471151353     
   6.2500276969756268       0.37737619634009528     
   6.2606209642586368       0.37755181495100487     
   6.2712142315416459       0.37772764065276659     
   6.2818074988246559       0.37790367355385396     
   6.2924007661076651       0.37807991376272093     
   6.3029940333906751       0.37825636138777802     
   6.3135873006736842       0.37843301653740036     
   6.3241805679566943       0.37860987931993378     
   6.3347738352397034       0.37878694984368000     
   6.3453671025227134       0.37896422821691295     
   6.3559603698057225       0.37914171454786577     
   6.3665536370887326       0.37931940894473987     
   6.3771469043717417       0.37949731151569166     
   6.3877401716547508       0.37967542236884977     
   6.3983334389377609       0.37985374161230351     
   6.4089267062207700       0.38003226935410067     
   6.4195199735037800       0.38021100570225957     
   6.4301132407867891       0.38038995076475712     
   6.4407065080697992       0.38056910464952715     
   6.4512997753528083       0.38074846746447477     
   6.4618930426358183       0.38092803931746017     
   6.4724863099188275       0.38110782031631091     
   6.4830795772018375       0.38128781056881056     
   6.4936728444848466       0.38146801018270710     
   6.5042661117678557       0.38164841926571014     
   6.5148593790508658       0.38182903792548473     
   6.5254526463338749       0.38200986626966493     
   6.5360459136168849       0.38219090440583303     
   6.5466391808998941       0.38237215244154510     
   6.5572324481829041       0.38255361048431397     
   6.5678257154659132       0.38273527864159912     
   6.5784189827489232       0.38291715702083357     
   6.5890122500319324       0.38309924572941012     
   6.5996055173149424       0.38328154487466815     
   6.6101987845979515       0.38346405456392002     
   6.6207920518809606       0.38364677490442267     
   6.6313853191639707       0.38382970600340549     
   6.6419785864469798       0.38401284796804236     
   6.6525718537299898       0.38419620090547757     
   6.6631651210129990       0.38437976492280568     
   6.6737583882960090       0.38456354012707694     
   6.6843516555790181       0.38474752662530648     
   6.6949449228620281       0.38493172452445257     
   6.7055381901450373       0.38511613393145000     
   6.7161314574280473       0.38530075495317323     
   6.7267247247110564       0.38548558769646118     
   6.7373179919940656       0.38567063226810328     
   6.7479112592770756       0.38585588877485411     
   6.7585045265600847       0.38604135732340950     
   6.7690977938430947       0.38622703802043545     
   6.7796910611261039       0.38641293097254509     
   6.7902843284091139       0.38659903628630476     
   6.8008775956921230       0.38678535406823938     
   6.8114708629751330       0.38697188442482422     
   6.8220641302581422       0.38715862746249829     
   6.8326573975411522       0.38734558328764046     
   6.8432506648241613       0.38753275200659432     
   6.8538439321071705       0.38772013372564912     
   6.8644371993901805       0.38790772855105449     
   6.8750304666731896       0.38809553658900675     
   6.8856237339561996       0.38828355794565661     
   6.8962170012392088       0.38847179272711196     
   6.9068102685222188       0.38866024103942687     
   6.9174035358052279       0.38884890298860891     
   6.9279968030882380       0.38903777868061534     
   6.9385900703712471       0.38922686822136060     
   6.9491833376542571       0.38941617171670517     
   6.9597766049372662       0.38960568927246375     
   6.9703698722202754       0.38979542099440256     
   6.9809631395032854       0.38998536698822839     
   6.9915564067862945       0.39017552735960620     
   7.0021496740693046       0.39036590221415790     
   7.0127429413523137       0.39055649165744294     
   7.0233362086353237       0.39074729579497491     
   7.0339294759183328       0.39093831473221557     
   7.0445227432013429       0.39112954857457755     
   7.0551160104843520       0.39132099742742033     
   7.0657092777673620       0.39151266139605378     
   7.0763025450503712       0.39170454058573539     
   7.0868958123333803       0.39189663510166300     
   7.0974890796163903       0.39208894504899883     
   7.1080823468993994       0.39228147053283463     
   7.1186756141824095       0.39247421165822438     
   7.1292688814654186       0.39266716853015055     
   7.1398621487484286       0.39286034125356556     
   7.1504554160314377       0.39305372993334786     
   7.1610486833144478       0.39324733467433515     
   7.1716419505974569       0.39344115558130133     
   7.1822352178804669       0.39363519275897618     
   7.1928284851634761       0.39382944631202421     
   7.2034217524464852       0.39402391634506412     
   7.2140150197294952       0.39421860296264788     
   7.2246082870125043       0.39441350626928662     
   7.2352015542955144       0.39460862636942373     
   7.2457948215785235       0.39480396336745227     
   7.2563880888615335       0.39499951736770617     
   7.2669813561445427       0.39519528847447399     
   7.2775746234275527       0.39539127679196251     
   7.2881678907105618       0.39558748242435154     
   7.2987611579935718       0.39578390547573944     
   7.3093544252765810       0.39598054605017474     
   7.3199476925595901       0.39617740425165959     
   7.3305409598426001       0.39637448018412191     
   7.3411342271256093       0.39657177395143245     
   7.3517274944086193       0.39676928565741720     
   7.3623207616916284       0.39696701540583507     
   7.3729140289746384       0.39716496330037471     
   7.3835072962576476       0.39736312944467933     
   7.3941005635406576       0.39756151394232786     
   7.4046938308236667       0.39776011689684365     
   7.4152870981066767       0.39795893841168128     
   7.4258803653896859       0.39815797859023955     
   7.4364736326726950       0.39835723753585417     
   7.4470668999557050       0.39855671535180193     
   7.4576601672387142       0.39875641214130164     
   7.4682534345217242       0.39895632800749431     
   7.4788467018047333       0.39915646305348174     
   7.4894399690877433       0.39935681738228990     
   7.5000332363707525       0.39955739109688060     
   7.5106265036537625       0.39975818430015736     
   7.5212197709367716       0.39995919709495820     
   7.5318130382197817       0.40016042958406195     
   7.5424063055027908       0.40036188187017901     
   7.5529995727857999       0.40056355405595762     
   7.5635928400688099       0.40076544624398402     
   7.5741861073518191       0.40096755853677191     
   7.5847793746348291       0.40116989103677586     
   7.5953726419178382       0.40137244384638854     
   7.6059659092008483       0.40157521706793325     
   7.6165591764838574       0.40177821080366016     
   7.6271524437668674       0.40198142515576729     
   7.6377457110498765       0.40218486022637673     
   7.6483389783328866       0.40238851611754506     
   7.6589322456158957       0.40259239293126653     
   7.6695255128989048       0.40279649076945900     
   7.6801187801819149       0.40300080973398827     
   7.6907120474649240       0.40320534992663759     
   7.7013053147479340       0.40341011144912065     
   7.7118985820309431       0.40361509440309690     
   7.7224918493139532       0.40382029889014753     
   7.7330851165969623       0.40402572501178435     
   7.7436783838799723       0.40423137286945687     
   7.7542716511629814       0.40443724256453040     
   7.7648649184459915       0.40464333419831428     
   7.7754581857290006       0.40484964787204308     
   7.7860514530120097       0.40505618368687835     
   7.7966447202950198       0.40526294174391236     
   7.8072379875780289       0.40546992214416766     
   7.8178312548610389       0.40567712498859299     
   7.8284245221440480       0.40588455037806459     
   7.8390177894270581       0.40609219841339378     
   7.8496110567100672       0.40630006919530426     
   7.8602043239930772       0.40650816282446539     
   7.8707975912760864       0.40671647940145489     
   7.8813908585590964       0.40692501902679723     
   7.8919841258421055       0.40713378180092324     
   7.9025773931251146       0.40734276782420381     
   7.9131706604081247       0.40755197719692804     
   7.9237639276911338       0.40776141001930677     
   7.9343571949741438       0.40797106639149971     
   7.9449504622571530       0.40818094641355601     
   7.9555437295401630       0.40839105018546962     
   7.9661369968231721       0.40860137780715655     
   7.9767302641061821       0.40881192937845645     
   7.9873235313891913       0.40902270499913379     
   7.9979167986722013       0.40923370476886528     
   8.0085100659552104       0.40944492878726285     
   8.0191033332382204       0.40965637715385111     
   8.0296966005212287       0.40986804996809517     
   8.0402898678042387       0.41007994732935898     
   8.0508831350872487       0.41029206933693602     
   8.0614764023702588       0.41050441609003907     
   8.0720696696532670       0.41071698768781928     
   8.0826629369362770       0.41092978422931892     
   8.0932562042192870       0.41114280581352625     
   8.1038494715022971       0.41135605253932894     
   8.1144427387853053       0.41156952450555195     
   8.1250360060683153       0.41178322181091737     
   8.1356292733513254       0.41199714455409520     
   8.1462225406343336       0.41221129283364943     
   8.1568158079173436       0.41242566674807585     
   8.1674090752003536       0.41264026639576773     
   8.1780023424833637       0.41285509187506941     
   8.1885956097663719       0.41307014328421321     
   8.1991888770493819       0.41328542072135860     
   8.2097821443323920       0.41350092428458679     
   8.2203754116154020       0.41371665407189406     
   8.2309686788984102       0.41393261018116784     
   8.2415619461814202       0.41414879271024602     
   8.2521552134644303       0.41436520175686187     
   8.2627484807474385       0.41458183741867310     
   8.2733417480304485       0.41479869979323541     
   8.2839350153134585       0.41501578897803798     
   8.2945282825964686       0.41523310507047456     
   8.3051215498794768       0.41545064816784377     
   8.3157148171624868       0.41566841836737484     
   8.3263080844454969       0.41588641576619323     
   8.3369013517285069       0.41610464046135326     
   8.3474946190115151       0.41632309254979977     
   8.3580878862945251       0.41654177212840682     
   8.3686811535775352       0.41676067929394867     
   8.3792744208605434       0.41697981414312518     
   8.3898676881435534       0.41719917677252788     
   8.4004609554265635       0.41741876727865773     
   8.4110542227095735       0.41763858575795798     
   8.4216474899925817       0.41785863230673814     
   8.4322407572755917       0.41807890702124012     
   8.4428340245586018       0.41829940999760723     
   8.4534272918416118       0.41852014133190502     
   8.4640205591246200       0.41874110112008600     
   8.4746138264076301       0.41896228945801467     
   8.4852070936906401       0.41918370644148489     
   8.4958003609736483       0.41940535216616270     
   8.5063936282566583       0.41962722672765129     
   8.5169868955396684       0.41984933022143450     
   8.5275801628226784       0.42007166274291702     
   8.5381734301056866       0.42029422438740976     
   8.5487666973886967       0.42051701525011681     
   8.5593599646717067       0.42074003542616034     
   8.5699532319547167       0.42096328501055524     
   8.5805464992377249       0.42118676409822298     
   8.5911397665207350       0.42141047278399973     
   8.6017330338037450       0.42163441116260203     
   8.6123263010867532       0.42185857932867077     
   8.6229195683697633       0.42208297737673722     
   8.6335128356527733       0.42230760540123091     
   8.6441061029357833       0.42253246349650037     
   8.6546993702187915       0.42275755175677299     
   8.6652926375018016       0.42298287027619008     
   8.6758859047848116       0.42320841914879787     
   8.6864791720678216       0.42343419846852987     
   8.6970724393508299       0.42366020832921875     
   8.7076657066338399       0.42388644882460874     
   8.7182589739168499       0.42411292004833401     
   8.7288522411998581       0.42433962209392556     
   8.7394455084828682       0.42456655505481983     
   8.7500387757658782       0.42479371902433755     
   8.7606320430488882       0.42502111409572102     
   8.7712253103318965       0.42524874036207189     
   8.7818185776149065       0.42547659791642778     
   8.7924118448979165       0.42570468685169166     
   8.8030051121809265       0.42593300726068489     
   8.8135983794639348       0.42616155923609123     
   8.8241916467469448       0.42639034287053790     
   8.8347849140299548       0.42661935825650393     
   8.8453781813129631       0.42684860548637615     
   8.8559714485959731       0.42707808465243530     
   8.8665647158789831       0.42730779584686784     
   8.8771579831619931       0.42753773916172594     
   8.8877512504450014       0.42776791468897596     
   8.8983445177280114       0.42799832252046466     
   8.9089377850110214       0.42822896274793742     
   8.9195310522940314       0.42845983546302929     
   8.9301243195770397       0.42869094075725345     
   8.9407175868600497       0.42892227872203292     
   8.9513108541430597       0.42915384944867113     
   8.9619041214260680       0.42938565302835485     
   8.9724973887090780       0.42961768955217400     
   8.9830906559920880       0.42984995911108698     
   8.9936839232750980       0.43008246179594550     
   9.0042771905581063       0.43031519769751164     
   9.0148704578411163       0.43054816690641956     
   9.0254637251241263       0.43078136951316748     
   9.0360569924071363       0.43101480560817002     
   9.0466502596901446       0.43124847528170918     
   9.0572435269731546       0.43148237862397859     
   9.0678367942561646       0.43171651572503278     
   9.0784300615391746       0.43195088667481601     
   9.0890233288221829       0.43218549156314773     
   9.0996165961051929       0.43242033047975148     
   9.1102098633882029       0.43265540351421694     
   9.1208031306712112       0.43289071075602464     
   9.1313963979542212       0.43312625229454876     
   9.1419896652372312       0.43336202821901137     
   9.1525829325202412       0.43359803861854118     
   9.1631761998032495       0.43383428358215298     
   9.1737694670862595       0.43407076319872390     
   9.1843627343692695       0.43430747755702676     
   9.1949560016522796       0.43454442674569083     
   9.2055492689352878       0.43478161085326711     
   9.2161425362182978       0.43501902996813585     
   9.2267358035013078       0.43525668417859048     
   9.2373290707843161       0.43549457357277083     
   9.2479223380673261       0.43573269823873784     
   9.2585156053503361       0.43597105826439014     
   9.2691088726333462       0.43620965373751480     
   9.2797021399163544       0.43644848474579129     
   9.2902954071993644       0.43668755137675730     
   9.3008886744823744       0.43692685371780754     
   9.3114819417653845       0.43716639185625122     
   9.3220752090483927       0.43740616587925507     
   9.3326684763314027       0.43764617587383448     
   9.3432617436144128       0.43788642192692401     
   9.3538550108974210       0.43812690412530830     
   9.3644482781804310       0.43836762255562622     
   9.3750415454634410       0.43860857730441133     
   9.3856348127464511       0.43884976845806223     
   9.3962280800294593       0.43909119610285896     
   9.4068213473124693       0.43933286032491869     
   9.4174146145954793       0.43957476121027161     
   9.4280078818784894       0.43981689884477171     
   9.4386011491614976       0.44005927331419864     
   9.4491944164445076       0.44030188470414561     
   9.4597876837275177       0.44054473310009984     
   9.4703809510105259       0.44078781858741617     
   9.4809742182935359       0.44103114125129667     
   9.4915674855765459       0.44127470117685658     
   9.5021607528595560       0.44151849844901120     
   9.5127540201425642       0.44176253315259306     
   9.5233472874255742       0.44200680537229609     
   9.5339405547085843       0.44225131519261685     
   9.5445338219915943       0.44249606269801572     
   9.5551270892746025       0.44274104797272718     
   9.5657203565576125       0.44298627110090760     
   9.5763136238406226       0.44323173216653100     
   9.5869068911236308       0.44347743125348094     
   9.5975001584066408       0.44372336844546023     
   9.6080934256896509       0.44396954382606768     
   9.6186866929726609       0.44421595747872539     
   9.6292799602556691       0.44446260948673533     
   9.6398732275386791       0.44470949993323616     
   9.6504664948216892       0.44495662890129861     
   9.6610597621046992       0.44520399647376369     
   9.6716530293877074       0.44545160273337148     
   9.6822462966707175       0.44569944776269915     
   9.6928395639537275       0.44594753164421352     
   9.7034328312367357       0.44619585446021875     
   9.7140260985197457       0.44644441629287945     
   9.7246193658027558       0.44669321722419586     
   9.7352126330857658       0.44694225733602000     
   9.7458059003687740       0.44719153671011802     
   9.7563991676517841       0.44744105542803375     
   9.7669924349347941       0.44769081357121077     
   9.7775857022178041       0.44794081122089963     
   9.7881789695008123       0.44819104845830726     
   9.7987722367838224       0.44844152536434850     
   9.8093655040668324       0.44869224201987368     
   9.8199587713498406       0.44894319850558262     
   9.8305520386328507       0.44919439490202612     
   9.8411453059158607       0.44944583128955601     
   9.8517385731988707       0.44969750774839817     
   9.8623318404818789       0.44994942435866547     
   9.8729251077648890       0.45020158120027298     
   9.8835183750478990       0.45045397835300127     
   9.8941116423309090       0.45070661589646011     
   9.9047049096139173       0.45095949391012563     
   9.9152981768969273       0.45121261247332706     
   9.9258914441799373       0.45146597166519231     
   9.9364847114629455       0.45171957156471598     
   9.9470779787459556       0.45197341225078419     
   9.9576712460289656       0.45222749380204019     
   9.9682645133119756       0.45248181629704742     
   9.9788577805949839       0.45273637981416448     
   9.9894510478779939       0.45299118443160802     
   10.000044315161004       0.45324623022741523     
   10.010637582444014       0.45350151727945609     
   10.021230849727022       0.45375704566556530     
   10.031824117010032       0.45401281546324374     
   10.042417384293042       0.45426882674990809     
   10.053010651576050       0.45452507960278049     
   10.063603918859060       0.45478157409895048     
   10.074197186142070       0.45503831031538944     
   10.084790453425081       0.45529528832883370     
   10.095383720708089       0.45555250821586596     
   10.105976987991099       0.45580997005285234     
   10.116570255274109       0.45606767391618075     
   10.127163522557119       0.45632561988188930     
   10.137756789840127       0.45658380802585918     
   10.148350057123137       0.45684223842391619     
   10.158943324406147       0.45710091115160845     
   10.169536591689155       0.45735982628437755     
   10.180129858972165       0.45761898389744254     
   10.190723126255175       0.45787838406593062     
   10.201316393538185       0.45813802686479937     
   10.211909660821194       0.45839791236868804     
   10.222502928104204       0.45865804065221016     
   10.233096195387214       0.45891841178974779     
   10.243689462670224       0.45917902585557413     
   10.254282729953232       0.45943988292363025     
   10.264875997236242       0.45970098306794688     
   10.275469264519252       0.45996232636210410     
   10.286062531802260       0.46022391287961711     
   10.296655799085270       0.46048574269392972     
   10.307249066368280       0.46074781587818886     
   10.317842333651290       0.46101013250523654     
   10.328435600934299       0.46127269264800985     
   10.339028868217309       0.46153549637923114     
   10.349622135500319       0.46179854377121909     
   10.360215402783329       0.46206183489627767     
   10.370808670066337       0.46232536982648786     
   10.381401937349347       0.46258914863383216     
   10.391995204632357       0.46285317138996329     
   10.402588471915365       0.46311743816640322     
   10.413181739198375       0.46338194903458813     
   10.423775006481385       0.46364670406566422     
   10.434368273764395       0.46391170333077447     
   10.444961541047403       0.46417694690045436     
   10.455554808330414       0.46444243484544462     
   10.466148075613424       0.46470816723623576     
   10.476741342896434       0.46497414414306520     
   10.487334610179442       0.46524036563582377     
   10.497927877462452       0.46550683178470509     
   10.508521144745462       0.46577354265912374     
   10.519114412028470       0.46604049832841210     
   10.529707679311480       0.46630769886242424     
   10.540300946594490       0.46657514432963731     
   10.550894213877500       0.46684283479964345     
   10.561487481160508       0.46711077034016590     
   10.572080748443518       0.46737895102101396     
   10.582674015726528       0.46764737690931996     
