   0.0000000000000000      -0.50955695997072437     
  1.15503457112144051E-002 -0.50978369186191130     
  2.31006914224288103E-002 -0.51001041459651086     
  3.46510371336432171E-002 -0.51023712802175059     
  4.62013828448576205E-002 -0.51046383198465806     
  5.77517285560720239E-002 -0.51069052633205969     
  6.93020742672864343E-002 -0.51091721091058151     
  8.08524199785008307E-002 -0.51114388556664747     
  9.24027656897152411E-002 -0.51137055014648192     
  0.10395311140092965      -0.51159720449610624     
  0.11550345711214405      -0.51182384846134144     
  0.12705380282335846      -0.51205048188780622     
  0.13860414853457287      -0.51227710462091802     
  0.15015449424578728      -0.51250371650589110     
  0.16170483995700166      -0.51273031738773944     
  0.17325518566821607      -0.51295690711127351     
  0.18480553137943048      -0.51318348552110071     
  0.19635587709064489      -0.51341005246162741     
  0.20790622280185930      -0.51363660777705578     
  0.21945656851307369      -0.51386315131138605     
  0.23100691422428810      -0.51408968290841517     
  0.24255725993550251      -0.51431620241173603     
  0.25410760564671692      -0.51454270966473925     
  0.26565795135793130      -0.51476920451061114     
  0.27720829706914574      -0.51499568679233421     
  0.28875864278036012      -0.51522215635268798     
  0.30030898849157456      -0.51544861303424683     
  0.31185933420278894      -0.51567505667938174     
  0.32340967991400332      -0.51590148713025852     
  0.33496002562521776      -0.51612790422884014     
  0.34651037133643214      -0.51635430781688296     
  0.35806071704764658      -0.51658069773593929     
  0.36961106275886096      -0.51680707382735658     
  0.38116140847007535      -0.51703343593227724     
  0.39271175418128978      -0.51725978389163774     
  0.40426209989250417      -0.51748611754617080     
  0.41581244560371861      -0.51771243673640110     
  0.42736279131493299      -0.51793874130264939     
  0.43891313702614737      -0.51816503108502954     
  0.45046348273736181      -0.51839130592344995     
  0.46201382844857619      -0.51861756565761308     
  0.47356417415979063      -0.51884381012701353     
  0.48511451987100501      -0.51907003917094086     
  0.49666486558221939      -0.51929625262847723     
  0.50821521129343383      -0.51952245033849875     
  0.51976555700464822      -0.51974863213967348     
  0.53131590271586260      -0.51997479787046263     
  0.54286624842707709      -0.52020094736912059     
  0.55441659413829147      -0.52042708047369413     
  0.56596693984950586      -0.52065319702202117     
  0.57751728556072024      -0.52087929685173440     
  0.58906763127193462      -0.52110537980025606     
  0.60061797698314912      -0.52133144570480228     
  0.61216832269436350      -0.52155749440237942     
  0.62371866840557788      -0.52178352572978592     
  0.63526901411679226      -0.52200953952361162     
  0.64681935982800665      -0.52223553562023872     
  0.65836970553922114      -0.52246151385583961     
  0.66992005125043552      -0.52268747406637728     
  0.68147039696164990      -0.52291341608760666     
  0.69302074267286429      -0.52313933975507199     
  0.70457108838407867      -0.52336524490410974     
  0.71612143409529316      -0.52359113136984592     
  0.72767177980650755      -0.52381699898719603     
  0.73922212551772193      -0.52404284759086694     
  0.75077247122893631      -0.52426867701535462     
  0.76232281694015069      -0.52449448709494528     
  0.77387316265136519      -0.52472027766371443     
  0.78542350836257957      -0.52494604855552718     
  0.79697385407379395      -0.52517179960403837     
  0.80852419978500834      -0.52539753064269101     
  0.82007454549622272      -0.52562324150471829     
  0.83162489120743721      -0.52584893202314165     
  0.84317523691865159      -0.52607460203077094     
  0.85472558262986598      -0.52630025136020508     
  0.86627592834108036      -0.52652587984383159     
  0.87782627405229474      -0.52675148731382582     
  0.88937661976350924      -0.52697707360215140     
  0.90092696547472362      -0.52720263854055938     
  0.91247731118593800      -0.52742818196058983     
  0.92402765689715238      -0.52765370369356945     
  0.93557800260836677      -0.52787920357061302     
  0.94712834831958126      -0.52810468142262201     
  0.95867869403079564      -0.52833013708028598     
  0.97022903974201002      -0.52855557037408119     
  0.98177938545322441      -0.52878098113427019     
  0.99332973116443879      -0.52900636919090394     
   1.0048800768756532      -0.52923173437381732     
   1.0164304225868677      -0.52945707651263452     
   1.0279807682980822      -0.52968239543676432     
   1.0395311140092964      -0.52990769097540291     
   1.0510814597205109      -0.53013296295753054     
   1.0626318054317252      -0.53035821121191529     
   1.0741821511429397      -0.53058343556711041     
   1.0857324968541542      -0.53080863585145421     
   1.0972828425653685      -0.53103381189307097     
   1.1088331882765829      -0.53125896351987001     
   1.1203835339877972      -0.53148409055954582     
   1.1319338796990117      -0.53170919283957774     
   1.1434842254102262      -0.53193427018723005     
   1.1550345711214405      -0.53215932242955244     
   1.1665849168326550      -0.53238434939337775     
   1.1781352625438692      -0.53260935090532435     
   1.1896856082550837      -0.53283432679179432     
   1.2012359539662982      -0.53305927687897403     
   1.2127862996775125      -0.53328420099283369     
   1.2243366453887270      -0.53350909895912801     
   1.2358869910999413      -0.53373397060339345     
   1.2474373368111558      -0.53395881575095283     
   1.2589876825223703      -0.53418363422691040     
   1.2705380282335845      -0.53440842585615356     
   1.2820883739447990      -0.53463319046335389     
   1.2936387196560133      -0.53485792787296482     
   1.3051890653672278      -0.53508263790922395     
   1.3167394110784423      -0.53530732039614992     
   1.3282897567896566      -0.53553197515754525     
   1.3398401025008710      -0.53575660201699427     
   1.3513904482120853      -0.53598120079786293     
   1.3629407939232998      -0.53620577132330038     
   1.3744911396345143      -0.53643031341623704     
   1.3860414853457286      -0.53665482689938526     
   1.3975918310569431      -0.53687931159523883     
   1.4091421767681573      -0.53710376732607401     
   1.4206925224793718      -0.53732819391394682     
   1.4322428681905863      -0.53755259118069576     
   1.4437932139018006      -0.53777695894794020     
   1.4553435596130151      -0.53800129703708033     
   1.4668939053242294      -0.53822560526929664     
   1.4784442510354439      -0.53844988346555089     
   1.4899945967466584      -0.53867413144658538     
   1.5015449424578726      -0.53889834903292289     
   1.5130952881690871      -0.53912253604486593     
   1.5246456338803014      -0.53934669230249632     
   1.5361959795915159      -0.53957081762567816     
   1.5477463253027304      -0.53979491183405381     
   1.5592966710139446      -0.54001897474704519     
   1.5708470167251591      -0.54024300618385412     
   1.5823973624363734      -0.54046700596346220     
   1.5939477081475879      -0.54069097390462961     
   1.6054980538588024      -0.54091490982589585     
   1.6170483995700167      -0.54113881354557913     
   1.6285987452812312      -0.54136268488177786     
   1.6401490909924454      -0.54158652365236759     
   1.6516994367036599      -0.54181032967500276     
   1.6632497824148744      -0.54203410276711639     
   1.6748001281260887      -0.54225784274591982     
   1.6863504738373032      -0.54248154942840354     
   1.6979008195485175      -0.54270522263133358     
   1.7094511652597320      -0.54292886217125680     
   1.7210015109709464      -0.54315246786449511     
   1.7325518566821607      -0.54337603952714997     
   1.7441022023933752      -0.54359957697509920     
   1.7556525481045895      -0.54382308002399837     
   1.7672028938158040      -0.54404654848928058     
   1.7787532395270185      -0.54426998218615508     
   1.7903035852382327      -0.54449338092960931     
   1.8018539309494472      -0.54471674453440599     
   1.8134042766606615      -0.54494007281508572     
   1.8249546223718760      -0.54516336558596479     
   1.8365049680830905      -0.54538662266113680     
   1.8480553137943048      -0.54560984385447020     
   1.8596056595055193      -0.54583302897961128     
   1.8711560052167335      -0.54605617784998084     
   1.8827063509279480      -0.54627929027877642     
   1.8942566966391625      -0.54650236607897063     
   1.9058070423503768      -0.54672540506331269     
   1.9173573880615913      -0.54694840704432601     
   1.9289077337728056      -0.54717137183430975     
   1.9404580794840200      -0.54739429924533889     
   1.9520084251952345      -0.54761718908926260     
   1.9635587709064488      -0.54784004117770546     
   1.9751091166176633      -0.54806285532206678     
   1.9866594623288776      -0.54828563133352071     
   1.9982098080400921      -0.54850836902301536     
   2.0097601537513063      -0.54873106820127304     
   2.0213104994625208      -0.54895372867879211     
   2.0328608451737353      -0.54917635026584288     
   2.0444111908849498      -0.54939893277247087     
   2.0559615365961643      -0.54962147600849498     
   2.0675118823073784      -0.54984397978350841     
   2.0790622280185929      -0.55006644390687753     
   2.0906125737298074      -0.55028886818774259     
   2.1021629194410218      -0.55051125243501653     
   2.1137132651522363      -0.55073359645738595     
   2.1252636108634504      -0.55095590006331119     
   2.1368139565746649      -0.55117816306102430     
   2.1483643022858794      -0.55140038525853108     
   2.1599146479970939      -0.55162256646360952     
   2.1714649937083084      -0.55184470648381090     
   2.1830153394195224      -0.55206680512645812     
   2.1945656851307369      -0.55228886219864703     
   2.2061160308419514      -0.55251087750724603     
   2.2176663765531659      -0.55273285085889468     
   2.2292167222643804      -0.55295478206000459     
   2.2407670679755944      -0.55317667091676037     
   2.2523174136868089      -0.55339851723511690     
   2.2638677593980234      -0.55362032082080181     
   2.2754181051092379      -0.55384208147931369     
   2.2869684508204524      -0.55406379901592184     
   2.2985187965316665      -0.55428547323566879     
   2.3100691422428810      -0.55450710394336578     
   2.3216194879540955      -0.55472869094359578     
   2.3331698336653099      -0.55495023404071442     
   2.3447201793765244      -0.55517173303884548     
   2.3562705250877385      -0.55539318774188440     
   2.3678208707989530      -0.55561459795349766     
   2.3793712165101675      -0.55583596347712150     
   2.3909215622213820      -0.55605728411596234     
   2.4024719079325965      -0.55627855967299744     
   2.4140222536438105      -0.55649978995097327     
   2.4255725993550250      -0.55672097475240612     
   2.4371229450662395      -0.55694211387958281     
   2.4486732907774540      -0.55716320713455936     
   2.4602236364886685      -0.55738425431916161     
   2.4717739821998825      -0.55760525523498472     
   2.4833243279110970      -0.55782620968339258     
   2.4948746736223115      -0.55804711746551861     
   2.5064250193335260      -0.55826797838226572     
   2.5179753650447405      -0.55848879223430548     
   2.5295257107559546      -0.55870955882207829     
   2.5410760564671691      -0.55893027794579297     
   2.5526264021783835      -0.55915094940542709     
   2.5641767478895980      -0.55937157300072715     
   2.5757270936008125      -0.55959214853120742     
   2.5872774393120266      -0.55981267579615090     
   2.5988277850232411      -0.56003315459460801     
   2.6103781307344556      -0.56025358472539866     
   2.6219284764456701      -0.56047396598710841     
   2.6334788221568846      -0.56069429817809258     
   2.6450291678680986      -0.56091458109647363     
   2.6565795135793131      -0.56113481454014058     
   2.6681298592905276      -0.56135499830675140     
   2.6796802050017421      -0.56157513219373090     
   2.6912305507129566      -0.56179521599827065     
   2.7027808964241706      -0.56201524951732951     
   2.7143312421353851      -0.56223523254763363     
   2.7258815878465996      -0.56245516488567604     
   2.7374319335578141      -0.56267504632771603     
   2.7489822792690286      -0.56289487666978089     
   2.7605326249802427      -0.56311465570766173     
   2.7720829706914571      -0.56333438323691976     
   2.7836333164026716      -0.56355405905287992     
   2.7951836621138861      -0.56377368295063390     
   2.8067340078251006      -0.56399325472504025     
   2.8182843535363147      -0.56421277417072346     
   2.8298346992475292      -0.56443224108207224     
   2.8413850449587437      -0.56465165525324301     
   2.8529353906699582      -0.56487101647815774     
   2.8644857363811727      -0.56509032455050334     
   2.8760360820923867      -0.56530957926373204     
   2.8875864278036012      -0.56552878041106236     
   2.8991367735148157      -0.56574792778547711     
   2.9106871192260302      -0.56596702117972453     
   2.9222374649372447      -0.56618606038631869     
   2.9337878106484587      -0.56640504519753720     
   2.9453381563596732      -0.56662397540542420     
   2.9568885020708877      -0.56684285080178698     
   2.9684388477821022      -0.56706167117819906     
   2.9799891934933167      -0.56728043632599745     
   2.9915395392045308      -0.56749914603628315     
   3.0030898849157452      -0.56771780009992312     
   3.0146402306269597      -0.56793639830754716     
   3.0261905763381742      -0.56815494044954973     
   3.0377409220493887      -0.56837342631608956     
   3.0492912677606028      -0.56859185569708837     
   3.0608416134718173      -0.56881022838223294     
   3.0723919591830318      -0.56902854416097326     
   3.0839423048942463      -0.56924680282252271     
   3.0954926506054607      -0.56946500415585877     
   3.1070429963166748      -0.56968314794972186     
   3.1185933420278893      -0.56990123399261583     
   3.1301436877391038      -0.57011926207280839     
   3.1416940334503183      -0.57033723197832931     
   3.1532443791615328      -0.57055514349697223     
   3.1647947248727468      -0.57077299641629342     
   3.1763450705839613      -0.57099079052361246     
   3.1878954162951758      -0.57120852560601121     
   3.1994457620063903      -0.57142620145033418     
   3.2109961077176048      -0.57164381784318885     
   3.2225464534288188      -0.57186137457094499     
   3.2340967991400333      -0.57207887141973490     
   3.2456471448512478      -0.57229630817545241     
   3.2571974905624623      -0.57251368462375507     
   3.2687478362736768      -0.57273100055006076     
   3.2802981819848909      -0.57294825573955066     
   3.2918485276961054      -0.57316544997716834     
   3.3033988734073199      -0.57338258304761713     
   3.3149492191185344      -0.57359965473536390     
   3.3264995648297488      -0.57381666482463656     
   3.3380499105409629      -0.57403361309942491     
   3.3496002562521774      -0.57425049934347983     
   3.3611506019633919      -0.57446732334031381     
   3.3727009476746064      -0.57468408487320088     
   3.3842512933858209      -0.57490078372517506     
   3.3958016390970349      -0.57511741967903385     
   3.4073519848082494      -0.57533399251733297     
   3.4189023305194639      -0.57555050202239166     
   3.4304526762306784      -0.57576694797628825     
   3.4420030219418929      -0.57598333016086323     
   3.4535533676531069      -0.57619964835771575     
   3.4651037133643214      -0.57641590234820828     
   3.4766540590755359      -0.57663209191346154     
   3.4882044047867504      -0.57684821683435850     
   3.4997547504979649      -0.57706427689154105     
   3.5113050962091790      -0.57728027186541142     
   3.5228554419203935      -0.57749620153613312     
   3.5344057876316080      -0.57771206568362954     
   3.5459561333428224      -0.57792786408758301     
   3.5575064790540369      -0.57814359652743696     
   3.5690568247652510      -0.57835926278239402     
   3.5806071704764655      -0.57857486263141766     
   3.5921575161876800      -0.57879039585322989     
   3.6037078618988945      -0.57900586222631234     
   3.6152582076101090      -0.57922126152890741     
   3.6268085533213230      -0.57943659353901578     
   3.6383588990325375      -0.57965185803439856     
   3.6499092447437520      -0.57986705479257461     
   3.6614595904549665      -0.58008218359082420     
   3.6730099361661810      -0.58029724420618467     
   3.6845602818773950      -0.58051223641545413     
   3.6961106275886095      -0.58072715999518865     
   3.7076609732998240      -0.58094201472170404     
   3.7192113190110385      -0.58115680037107376     
   3.7307616647222530      -0.58137151671913234     
   3.7423120104334671      -0.58158616354146964     
   3.7538623561446816      -0.58180074061343823     
   3.7654127018558960      -0.58201524771014623     
   3.7769630475671105      -0.58222968460646074     
   3.7885133932783250      -0.58244405107700836     
   3.8000637389895391      -0.58265834689617402     
   3.8116140847007536      -0.58287257183809915     
   3.8231644304119681      -0.58308672567668629     
   3.8347147761231826      -0.58330080818559360     
   3.8462651218343971      -0.58351481913823833     
   3.8578154675456111      -0.58372875830779625     
   3.8693658132568256      -0.58394262546720022     
   3.8809161589680401      -0.58415642038914195     
   3.8924665046792546      -0.58437014284606992     
   3.9040168503904691      -0.58458379261019111     
   3.9155671961016831      -0.58479736945347016     
   3.9271175418128976      -0.58501087314762912     
   3.9386678875241121      -0.58522430346414778     
   3.9502182332353266      -0.58543766017426313     
   3.9617685789465411      -0.58565094304897014     
   3.9733189246577552      -0.58586415185902074     
   3.9848692703689697      -0.58607728637492440     
   3.9964196160801841      -0.58629034636694766     
   4.0079699617913986      -0.58650333160511514     
   4.0195203075026127      -0.58671624185920646     
   4.0310706532138276      -0.58692907689876073     
   4.0426209989250417      -0.58714183649307328     
   4.0541713446362566      -0.58735452041119596     
   4.0657216903474707      -0.58756712842193781     
   4.0772720360586847      -0.58777966029386430     
   4.0888223817698996      -0.58799211579529875     
   4.1003727274811137      -0.58820449469432001     
   4.1119230731923286      -0.58841679675876524     
   4.1234734189035427      -0.58862902175622667     
   4.1350237646147567      -0.58884116945405296     
   4.1465741103259717      -0.58905323961935074     
   4.1581244560371857      -0.58926523201898229     
   4.1696748017484007      -0.58947714641956661     
   4.1812251474596147      -0.58968898258747859     
   4.1927754931708288      -0.58990074028884920     
   4.2043258388820437      -0.59011241928956726     
   4.2158761845932577      -0.59032401935527556     
   4.2274265303044727      -0.59053554025137545     
   4.2389768760156867      -0.59074698174302209     
   4.2505272217269008      -0.59095834359512811     
   4.2620775674381157      -0.59116962557236274     
   4.2736279131493298      -0.59138082743914855     
   4.2851782588605447      -0.59159194895966694     
   4.2967286045717588      -0.59180298989785396     
   4.3082789502829728      -0.59201395001740165     
   4.3198292959941877      -0.59222482908175744     
   4.3313796417054018      -0.59243562685412465     
   4.3429299874166167      -0.59264634309746278     
   4.3544803331278308      -0.59285697757448641     
   4.3660306788390448      -0.59306753004766688     
   4.3775810245502598      -0.59327800027922950     
   4.3891313702614738      -0.59348838803115578     
   4.4006817159726888      -0.59369869306518297     
   4.4122320616839028      -0.59390891514280397     
   4.4237824073951169      -0.59411905402526632     
   4.4353327531063318      -0.59432910947357354     
   4.4468830988175458      -0.59453908124848431     
   4.4584334445287608      -0.59474896911051234     
   4.4699837902399748      -0.59495877281992737     
   4.4815341359511889      -0.59516849213675349     
   4.4930844816624038      -0.59537812682077074     
   4.5046348273736179      -0.59558767663151357     
   4.5161851730848328      -0.59579714132827200     
   4.5277355187960469      -0.59600652067009141     
   4.5392858645072609      -0.59621581441577154     
   4.5508362102184758      -0.59642502232386752     
   4.5623865559296899      -0.59663414415269012     
   4.5739369016409048      -0.59684317966030331     
   4.5854872473521189      -0.59705212860452817     
   4.5970375930633329      -0.59726099074293904     
   4.6085879387745479      -0.59746976583286571     
   4.6201382844857619      -0.59767845363139305     
   4.6316886301969769      -0.59788705389536068     
   4.6432389759081909      -0.59809556638136252     
   4.6547893216194050      -0.59830399084574781     
   4.6663396673306199      -0.59851232704462032     
   4.6778900130418339      -0.59872057473383844     
   4.6894403587530489      -0.59892873366901545     
   4.7009907044642629      -0.59913680360551869     
   4.7125410501754770      -0.59934478429847138     
   4.7240913958866919      -0.59955267550275004     
   4.7356417415979060      -0.59976047697298662     
   4.7471920873091209      -0.59996818846356748     
   4.7587424330203349      -0.60017580972863327     
   4.7702927787315490      -0.60038334052207976     
   4.7818431244427639      -0.60059078059755611     
   4.7933934701539780      -0.60079812970846713     
   4.8049438158651929      -0.60100538760797151     
   4.8164941615764070      -0.60121255404898288     
   4.8280445072876210      -0.60141962878416888     
   4.8395948529988360      -0.60162661156595165     
   4.8511451987100500      -0.60183350214650810     
   4.8626955444212649      -0.60204030027776878     
   4.8742458901324790      -0.60224700571141965     
   4.8857962358436930      -0.60245361819889987     
   4.8973465815549080      -0.60266013749140479     
   4.9088969272661220      -0.60286656333988164     
   4.9204472729773370      -0.60307289549503384     
   4.9319976186885510      -0.60327913370731878     
   4.9435479643997651      -0.60348527772694793     
   4.9550983101109800      -0.60369132730388675     
   4.9666486558221941      -0.60389728218785588     
   4.9781990015334090      -0.60410314212832950     
   4.9897493472446230      -0.60430890687453653     
   5.0012996929558371      -0.60451457617545967     
   5.0128500386670520      -0.60472014977983723     
   5.0244003843782661      -0.60492562743615974     
   5.0359507300894810      -0.60513100889267346     
   5.0475010758006951      -0.60533629389737886     
   5.0590514215119091      -0.60554148219802983     
   5.0706017672231241      -0.60574657354213590     
   5.0821521129343381      -0.60595156767695924     
   5.0937024586455530      -0.60615646434951764     
   5.1052528043567671      -0.60636126330658224     
   5.1168031500679811      -0.60656596429467902     
   5.1283534957791961      -0.60677056706008836     
   5.1399038414904101      -0.60697507134884410     
   5.1514541872016251      -0.60717947690673535     
   5.1630045329128391      -0.60738378347930500     
   5.1745548786240532      -0.60758799081185000     
   5.1861052243352681      -0.60779209864942207     
   5.1976555700464822      -0.60799610673682691     
   5.2092059157576971      -0.60820001481862485     
   5.2207562614689111      -0.60840382263913018     
   5.2323066071801252      -0.60860752994241185     
   5.2438569528913401      -0.60881113647229335     
   5.2554072986025542      -0.60901464197235156     
   5.2669576443137691      -0.60921804618591890     
   5.2785079900249832      -0.60942134885608135     
   5.2900583357361972      -0.60962454972567937     
   5.3016086814474122      -0.60982764853730831     
   5.3131590271586262      -0.61003064503331805     
   5.3247093728698411      -0.61023353895581156     
   5.3362597185810552      -0.61043633004664777     
   5.3478100642922692      -0.61063901804743947     
   5.3593604100034842      -0.61084160269955390     
   5.3709107557146982      -0.61104408374411323     
   5.3824611014259132      -0.61124646092199308     
   5.3940114471371272      -0.61144873397382482     
   5.4055617928483413      -0.61165090263999411     
   5.4171121385595562      -0.61185296666064060     
   5.4286624842707702      -0.61205492577565956     
   5.4402128299819852      -0.61225677972469938     
   5.4517631756931992      -0.61245852824716429     
   5.4633135214044133      -0.61266017108221338     
   5.4748638671156282      -0.61286170796875983     
   5.4864142128268423      -0.61306313864547135     
   5.4979645585380572      -0.61326446285077107     
   5.5095149042492713      -0.61346568032283688     
   5.5210652499604853      -0.61366679079960074     
   5.5326155956717002      -0.61386779401875013     
   5.5441659413829143      -0.61406868971772766     
   5.5557162870941292      -0.61426947763372997     
   5.5672666328053433      -0.61447015750370904     
   5.5788169785165573      -0.61467072906437203     
   5.5903673242277723      -0.61487119205218121     
   5.6019176699389863      -0.61507154620335347     
   5.6134680156502013      -0.61527179125386100     
   5.6250183613614153      -0.61547192693943109     
   5.6365687070726294      -0.61567195299554611     
   5.6481190527838443      -0.61587186915744419     
   5.6596693984950583      -0.61607167516011774     
   5.6712197442062733      -0.61627137073831451     
   5.6827700899174873      -0.61647095562653897     
   5.6943204356287014      -0.61667042955904894     
   5.7058707813399163      -0.61686979226985994     
   5.7174211270511304      -0.61706904349274017     
   5.7289714727623453      -0.61726818296121599     
   5.7405218184735594      -0.61746721040856734     
   5.7520721641847734      -0.61766612556783107     
   5.7636225098959883      -0.61786492817179872     
   5.7751728556072024      -0.61806361795301790     
   5.7867232013184173      -0.61826219464379162     
   5.7982735470296314      -0.61846065797617977     
   5.8098238927408454      -0.61865900768199655     
   5.8213742384520604      -0.61885724349281268     
   5.8329245841632744      -0.61905536513995529     
   5.8444749298744894      -0.61925337235450684     
   5.8560252755857034      -0.61945126486730628     
   5.8675756212969175      -0.61964904240894780     
   5.8791259670081324      -0.61984670470978265     
   5.8906763127193464      -0.62004425149991826     
   5.9022266584305614      -0.62024168250921730     
   5.9137770041417754      -0.62043899746729980     
   5.9253273498529895      -0.62063619610354248     
   5.9368776955642044      -0.62083327814707734     
   5.9484280412754185      -0.62103024332679302     
   5.9599783869866334      -0.62122709137133536     
   5.9715287326978475      -0.62142382200910662     
   5.9830790784090615      -0.62162043496826558     
   5.9946294241202764      -0.62181692997672788     
   6.0061797698314905      -0.62201330676216593     
   6.0177301155427054      -0.62220956505200864     
   6.0292804612539195      -0.62240570457344302     
   6.0408308069651335      -0.62260172505341171     
   6.0523811526763485      -0.62279762621861523     
   6.0639314983875625      -0.62299340779551104     
   6.0754818440987775      -0.62318906951031394     
   6.0870321898099915      -0.62338461108899590     
   6.0985825355212055      -0.62358003225728598     
   6.1101328812324205      -0.62377533274067165     
   6.1216832269436345      -0.62397051226439681     
   6.1332335726548495      -0.62416557055346344     
   6.1447839183660635      -0.62436050733263126     
   6.1563342640772776      -0.62455532232641753     
   6.1678846097884925      -0.62475001525909757     
   6.1794349554997066      -0.62494458585470403     
   6.1909853012109215      -0.62513903383702873     
   6.2025356469221355      -0.62533335892962039     
   6.2140859926333496      -0.62552756085578587     
   6.2256363383445645      -0.62572163933859115     
   6.2371866840557786      -0.62591559410086017     
   6.2487370297669935      -0.62610942486517540     
   6.2602873754782076      -0.62630313135387627     
   6.2718377211894216      -0.62649671328906353     
   6.2833880669006366      -0.62669017039259478     
   6.2949384126118506      -0.62688350238608603     
   6.3064887583230655      -0.62707670899091361     
   6.3180391040342796      -0.62726978992821192     
   6.3295894497454936      -0.62746274491887410     
   6.3411397954567086      -0.62765557368355307     
   6.3526901411679226      -0.62784827594266035     
   6.3642404868791376      -0.62804085141636767     
   6.3757908325903516      -0.62823329982460518     
   6.3873411783015657      -0.62842562088706289     
   6.3988915240127806      -0.62861781432319053     
   6.4104418697239947      -0.62880987985219716     
   6.4219922154352096      -0.62900181719305270     
   6.4335425611464236      -0.62919362606448548     
   6.4450929068576377      -0.62938530618498456     
   6.4566432525688526      -0.62957685727279966     
   6.4681935982800667      -0.62976827904593946     
   6.4797439439912816      -0.62995957122217350     
   6.4912942897024957      -0.63015073351903250     
   6.5028446354137097      -0.63034176565380684     
   6.5143949811249247      -0.63053266734354718     
   6.5259453268361387      -0.63072343830506594     
   6.5374956725473536      -0.63091407825493606     
   6.5490460182585677      -0.63110458690949056     
   6.5605963639697817      -0.63129496398482521     
   6.5721467096809967      -0.63148520919679507     
   6.5836970553922107      -0.63167532226101852     
   6.5952474011034257      -0.63186530289287313     
   6.6067977468146397      -0.63205515080749974     
   6.6183480925258538      -0.63224486571979999     
   6.6298984382370687      -0.63243444734443766     
   6.6414487839482828      -0.63262389539583808     
   6.6529991296594977      -0.63281320958818932     
   6.6645494753707117      -0.63300238963544031     
   6.6760998210819258      -0.63319143525130339     
   6.6876501667931407      -0.63338034614925265     
   6.6992005125043548      -0.63356912204252469     
   6.7107508582155697      -0.63375776264411932     
   6.7223012039267838      -0.63394626766679818     
   6.7338515496379978      -0.63413463682308624     
   6.7454018953492128      -0.63432286982527197     
   6.7569522410604268      -0.63451096638540561     
   6.7685025867716417      -0.63469892621530222     
   6.7800529324828558      -0.63488674902653952     
   6.7916032781940698      -0.63507443453045864     
   6.8031536239052848      -0.63526198243816434     
   6.8147039696164988      -0.63544939246052512     
   6.8262543153277138      -0.63563666430817456     
   6.8378046610389278      -0.63582379769150854     
   6.8493550067501419      -0.63601079232068769     
   6.8609053524613568      -0.63619764790563837     
   6.8724556981725708      -0.63638436415604938     
   6.8840060438837858      -0.63657094078137533     
   6.8955563895949998      -0.63675737749083550     
   6.9071067353062139      -0.63694367399341345     
   6.9186570810174288      -0.63712982999785917     
   6.9302074267286429      -0.63731584521268592     
   6.9417577724398578      -0.63750171934617395     
   6.9533081181510719      -0.63768745210636812     
   6.9648584638622859      -0.63787304320107896     
   6.9764088095735008      -0.63805849233788337     
   6.9879591552847149      -0.63824379922412366     
   6.9995095009959298      -0.63842896356690815     
   7.0110598467071439      -0.63861398507311251     
   7.0226101924183579      -0.63879886344937709     
   7.0341605381295729      -0.63898359840211005     
   7.0457108838407869      -0.63916818963748578     
   7.0572612295520019      -0.63935263686144561     
   7.0688115752632159      -0.63953693977969750     
   7.0803619209744300      -0.63972109809771838     
   7.0919122666856449      -0.63990511152074958     
   7.1034626123968589      -0.64008897975380252     
   7.1150129581080739      -0.64027270250165513     
   7.1265633038192879      -0.64045627946885308     
   7.1381136495305020      -0.64063971035971068     
   7.1496639952417169      -0.64082299487830996     
   7.1612143409529310      -0.64100613272850127     
   7.1727646866641459      -0.64118912361390357     
   7.1843150323753600      -0.64137196723790491     
   7.1958653780865740      -0.64155466330366118     
   7.2074157237977889      -0.64173721151409846     
   7.2189660695090030      -0.64191961157191135     
   7.2305164152202179      -0.64210186317956430     
   7.2420667609314320      -0.64228396603928972     
   7.2536171066426460      -0.64246591985309243     
   7.2651674523538610      -0.64264772432274475     
   7.2767177980650750      -0.64282937914979066     
   7.2882681437762900      -0.64301088403554330     
   7.2998184894875040      -0.64319223868108710     
   7.3113688351987181      -0.64337344278727682     
   7.3229191809099330      -0.64355449605473725     
   7.3344695266211470      -0.64373539818386571     
   7.3460198723323620      -0.64391614887482940     
   7.3575702180435760      -0.64409674782756743     
   7.3691205637547901      -0.64427719474179090     
   7.3806709094660050      -0.64445748931698144     
   7.3922212551772191      -0.64463763125239371     
   7.4037716008884340      -0.64481762024705402     
   7.4153219465996481      -0.64499745599976122     
   7.4268722923108621      -0.64517713820908651     
   7.4384226380220770      -0.64535666657337398     
   7.4499729837332911      -0.64553604079074023     
   7.4615233294445060      -0.64571526055907535     
   7.4730736751557201      -0.64589432557604309     
   7.4846240208669341      -0.64607323553907958     
   7.4961743665781491      -0.64625199014539580     
   7.5077247122893631      -0.64643058909197626     
   7.5192750580005780      -0.64660903207557885     
   7.5308254037117921      -0.64678731879273721     
   7.5423757494230061      -0.64696544893975794     
   7.5539260951342211      -0.64714342221272414     
   7.5654764408454351      -0.64732123830749222     
   7.5770267865566501      -0.64749889691969476     
   7.5885771322678641      -0.64767639774473906     
   7.6001274779790782      -0.64785374047780842     
   7.6116778236902931      -0.64803092481386237     
   7.6232281694015072      -0.64820795044763480     
   7.6347785151127221      -0.64838481707363804     
   7.6463288608239361      -0.64856152438615911     
   7.6578792065351502      -0.64873807207926282     
   7.6694295522463651      -0.64891445984678964     
   7.6809798979575792      -0.64909068738235842     
   7.6925302436687941      -0.64926675437936510     
   7.7040805893800082      -0.64944266053098176     
   7.7156309350912222      -0.64961840553016037     
   7.7271812808024372      -0.64979398906962949     
   7.7387316265136512      -0.64996941084189597     
   7.7502819722248661      -0.65014467053924663     
   7.7618323179360802      -0.65031976785374446     
   7.7733826636472942      -0.65049470247723318     
   7.7849330093585092      -0.65066947410133569     
   7.7964833550697232      -0.65084408241745284     
   7.8080337007809382      -0.65101852711676700     
   7.8195840464921522      -0.65119280789023848     
   7.8311343922033663      -0.65136692442860922     
   7.8426847379145812      -0.65154087642240099     
   7.8542350836257953      -0.65171466356191565     
   7.8657854293370102      -0.65188828553723666     
   7.8773357750482242      -0.65206174203822764     
   7.8888861207594383      -0.65223503275453398     
   7.9004364664706532      -0.65240815737558300     
   7.9119868121818673      -0.65258111559058396     
   7.9235371578930822      -0.65275390708852654     
   7.9350875036042963      -0.65292653155818436     
   7.9466378493155103      -0.65309898868811278     
   7.9581881950267253      -0.65327127816665087     
   7.9697385407379393      -0.65344339968191911     
   7.9812888864491542      -0.65361535292182305     
   7.9928392321603683      -0.65378713757405016     
   8.0043895778715832      -0.65395875332607356     
   8.0159399235827973      -0.65413019986514853     
   8.0274902692940113      -0.65430147687831619     
   8.0390406150052254      -0.65447258405240105     
   8.0505909607164412      -0.65464352107401336     
   8.0621413064276553      -0.65481428762954819     
   8.0736916521388693      -0.65498488340518557     
   8.0852419978500834      -0.65515530808689215     
   8.0967923435612974      -0.65532556136041997     
   8.1083426892725132      -0.65549564291130591     
   8.1198930349837273      -0.65566555242487623     
   8.1314433806949413      -0.65583528958624093     
   8.1429937264061554      -0.65600485408029907     
   8.1545440721173694      -0.65617424559173587     
   8.1660944178285853      -0.65634346380502473     
   8.1776447635397993      -0.65651250840442665     
   8.1891951092510133      -0.65668137907399038     
   8.2007454549622274      -0.65685007549755292     
   8.2122958006734414      -0.65701859735874113     
   8.2238461463846573      -0.65718694434096947     
   8.2353964920958713      -0.65735511612744235     
   8.2469468378070854      -0.65752311240115335     
   8.2584971835182994      -0.65769093284488633     
   8.2700475292295135      -0.65785857714121454     
   8.2815978749407293      -0.65802604497250217     
   8.2931482206519433      -0.65819333602090346     
   8.3046985663631574      -0.65836044996836462     
   8.3162489120743714      -0.65852738649662190     
   8.3277992577855855      -0.65869414528720360     
   8.3393496034968013      -0.65886072602143031     
   8.3508999492080154      -0.65902712838041388     
   8.3624502949192294      -0.65919335204505936     
   8.3740006406304435      -0.65935939669606447     
   8.3855509863416575      -0.65952526201391914     
   8.3971013320528733      -0.65969094767890701     
   8.4086516777640874      -0.65985645337110665     
   8.4202020234753014      -0.66002177877038781     
   8.4317523691865155      -0.66018692355641762     
   8.4433027148977295      -0.66035188740865580     
   8.4548530606089454      -0.66051667000635683     
   8.4664034063201594      -0.66068127102857133     
   8.4779537520313735      -0.66084569015414540     
   8.4895040977425875      -0.66100992706171990     
   8.5010544434538016      -0.66117398142973272     
   8.5126047891650174      -0.66133785293641789     
   8.5241551348762314      -0.66150154125980609     
   8.5357054805874455      -0.66166504607772525     
   8.5472558262986595      -0.66182836706780079     
   8.5588061720098736      -0.66199150390745554     
   8.5703565177210894      -0.66215445627391056     
   8.5819068634323035      -0.66231722384418512     
   8.5934572091435175      -0.66247980629509706     
   8.6050075548547316      -0.66264220330326340     
   8.6165579005659456      -0.66280441454510131     
   8.6281082462771614      -0.66296643969682589     
   8.6396585919883755      -0.66312827843445343     
   8.6512089376995895      -0.66328993043380069     
   8.6627592834108036      -0.66345139537048392     
   8.6743096291220176      -0.66361267291992232     
   8.6858599748332335      -0.66377376275733457     
   8.6974103205444475      -0.66393466455774175     
   8.7089606662556616      -0.66409537799596696     
   8.7205110119668756      -0.66425590274663615     
   8.7320613576780897      -0.66441623848417708     
   8.7436117033893055      -0.66457638488282123     
   8.7551620491005195      -0.66473634161660344     
   8.7667123948117336      -0.66489610835936108     
   8.7782627405229476      -0.66505568478473776     
   8.7898130862341617      -0.66521507056618001     
   8.8013634319453775      -0.66537426537693956     
   8.8129137776565916      -0.66553326889007336     
   8.8244641233678056      -0.66569208077844366     
   8.8360144690790197      -0.66585070071471852     
   8.8475648147902337      -0.66600912837137316     
   8.8591151605014495      -0.66616736342068772     
   8.8706655062126636      -0.66632540553475139     
   8.8822158519238776      -0.66648325438545819     
   8.8937661976350917      -0.66664090964451217     
   8.9053165433463057      -0.66679837098342365     
   8.9168668890575216      -0.66695563807351232     
   8.9284172347687356      -0.66711271058590649     
   8.9399675804799497      -0.66726958819154292     
   8.9515179261911637      -0.66742627056116954     
   8.9630682719023778      -0.66758275736534201     
   8.9746186176135936      -0.66773904827442765     
   8.9861689633248076      -0.66789514295860453     
   8.9977193090360217      -0.66805104108786051     
   9.0092696547472357      -0.66820674233199628     
   9.0208200004584498      -0.66836224636062358     
   9.0323703461696656      -0.66851755284316616     
   9.0439206918808797      -0.66867266144885984     
   9.0554710375920937      -0.66882757184675556     
   9.0670213833033078      -0.66898228370571466     
   9.0785717290145218      -0.66913679669441428     
   9.0901220747257376      -0.66929111048134438     
   9.1016724204369517      -0.66944522473481038     
   9.1132227661481657      -0.66959913912293201     
   9.1247731118593798      -0.66975285331364420     
   9.1363234575705938      -0.66990636697469796     
   9.1478738032818097      -0.67005967977365988     
   9.1594241489930237      -0.67021279137791334     
   9.1709744947042378      -0.67036570145465835     
   9.1825248404154518      -0.67051840967091247     
   9.1940751861266659      -0.67067091569351034     
   9.2056255318378817      -0.67082321918910559     
   9.2171758775490957      -0.67097531982416914     
   9.2287262232603098      -0.67112721726499203     
   9.2402765689715238      -0.67127891117768390     
   9.2518269146827379      -0.67143040122817399     
   9.2633772603939537      -0.67158168708221166     
   9.2749276061051678      -0.67173276840536666     
   9.2864779518163818      -0.67188364486303109     
   9.2980282975275959      -0.67203431612041653     
   9.3095786432388099      -0.67218478184255670     
   9.3211289889500257      -0.67233504169430913     
   9.3326793346612398      -0.67248509534035206     
   9.3442296803724538      -0.67263494244518729     
   9.3557800260836679      -0.67278458267314023     
   9.3673303717948819      -0.67293401568836086     
   9.3788807175060978      -0.67308324115482221     
   9.3904310632173118      -0.67323225873632286     
   9.4019814089285259      -0.67338106809648668     
   9.4135317546397399      -0.67352966889876220     
   9.4250821003509540      -0.67367806080642556     
   9.4366324460621698      -0.67382624348257814     
   9.4481827917733838      -0.67397421659014833     
   9.4597331374845979      -0.67412197979189237     
   9.4712834831958119      -0.67426953275039425     
   9.4828338289070260      -0.67441687512806558     
   9.4943841746182418      -0.67456400658714777     
   9.5059345203294559      -0.67471092678971023     
   9.5174848660406699      -0.67485763539765309     
   9.5290352117518839      -0.67500413207270527     
   9.5405855574630980      -0.67515041647642648     
   9.5521359031743138      -0.67529648827020816     
   9.5636862488855279      -0.67544234711527318     
   9.5752365945967419      -0.67558799267267478     
   9.5867869403079560      -0.67573342460330010     
   9.5983372860191700      -0.67587864256786800     
   9.6098876317303858      -0.67602364622693101     
   9.6214379774415999      -0.67616843524087555     
   9.6329883231528139      -0.67631300926992177     
   9.6445386688640280      -0.67645736797412437     
   9.6560890145752420      -0.67660151101337396     
   9.6676393602864579      -0.67674543804739540     
   9.6791897059976719      -0.67688914873575090     
   9.6907400517088860      -0.67703264273783759     
   9.7022903974201000      -0.67717591971289182     
   9.7138407431313141      -0.67731897931998497     
   9.7253910888425299      -0.67746182121802800     
   9.7369414345537439      -0.67760444506576933     
   9.7484917802649580      -0.67774685052179717     
   9.7600421259761720      -0.67788903724453820     
   9.7715924716873861      -0.67803100489225876     
   9.7831428173986019      -0.67817275312306691     
   9.7946931631098160      -0.67831428159491047     
   9.8062435088210300      -0.67845558996557886     
   9.8177938545322441      -0.67859667789270239     
   9.8293442002434581      -0.67873754503375539     
   9.8408945459546739      -0.67887819104605351     
   9.8524448916658880      -0.67901861558675647     
   9.8639952373771020      -0.67915881831286717     
   9.8755455830883161      -0.67929879888123346     
   9.8870959287995301      -0.67943855694854760     
   9.8986462745107460      -0.67957809217134668     
   9.9101966202219600      -0.67971740420601501     
   9.9217469659331741      -0.67985649270878112     
   9.9332973116443881      -0.67999535733572214     
   9.9448476573556022      -0.68013399774276140     
   9.9563980030668180      -0.68027241358567014     
   9.9679483487780320      -0.68041060452006896     
   9.9794986944892461      -0.68054857020142645     
   9.9910490402004601      -0.68068631028505977     
   10.002599385911674      -0.68082382442613787     
   10.014149731622890      -0.68096111227967837     
   10.025700077334104      -0.68109817350055069     
   10.037250423045318      -0.68123500774347556     
   10.048800768756532      -0.68137161466302587     
   10.060351114467746      -0.68150799391362593     
   10.071901460178962      -0.68164414514955518     
   10.083451805890176      -0.68178006802494395     
   10.095002151601390      -0.68191576219377881     
   10.106552497312604      -0.68205122730989909     
   10.118102843023818      -0.68218646302700148     
   10.129653188735034      -0.68232146899863699     
   10.141203534446248      -0.68245624487821277     
   10.152753880157462      -0.68259079031899306     
   10.164304225868676      -0.68272510497409911     
   10.175854571579890      -0.68285918849651106     
   10.187404917291106      -0.68299304053906551     
   10.198955263002320      -0.68312666075446027     
   10.210505608713534      -0.68326004879525071     
   10.222055954424748      -0.68339320431385364     
   10.233606300135962      -0.68352612696254533     
   10.245156645847178      -0.68365881639346437     
   10.256706991558392      -0.68379127225861003     
   10.268257337269606      -0.68392349420984477     
   10.279807682980820      -0.68405548189889287     
   10.291358028692034      -0.68418723497734268     
   10.302908374403250      -0.68431875309664669     
   10.314458720114464      -0.68445003590812126     
   10.326009065825678      -0.68458108306294840     
   10.337559411536892      -0.68471189421217549     
   10.349109757248106      -0.68484246900671575     
   10.360660102959322      -0.68497280709735042     
   10.372210448670536      -0.68510290813472741     
   10.383760794381750      -0.68523277176936148     
   10.395311140092964      -0.68536239765163842     
   10.406861485804178      -0.68549178543181066     
   10.418411831515394      -0.68562093476000152     
   10.429962177226608      -0.68574984528620520     
   10.441512522937822      -0.68587851666028543     
   10.453062868649036      -0.68600694853197819     
   10.464613214360250      -0.68613514055089131     
   10.476163560071466      -0.68626309236650540     
   10.487713905782680      -0.68639080362817440     
   10.499264251493894      -0.68651827398512555     
   10.510814597205108      -0.68664550308646088     
   10.522364942916322      -0.68677249058115775     
   10.533915288627538      -0.68689923611806880     
   10.545465634338752      -0.68702573934592248     
   10.557015980049966      -0.68715199991332543     
   10.568566325761180      -0.68727801746875961     
   10.580116671472394      -0.68740379166058785     
   10.591667017183610      -0.68752932213704909     
   10.603217362894824      -0.68765460854626292     
   10.614767708606038      -0.68777965053622836     
   10.626318054317252      -0.68790444775482473     
   10.637868400028466      -0.68802899984981347     
   10.649418745739682      -0.68815330646883699     
   10.660969091450896      -0.68827736725942013     
   10.672519437162110      -0.68840118186897037     
   10.684069782873324      -0.68852474994477997     
   10.695620128584538      -0.68864807113402438     
   10.707170474295754      -0.68877114508376458     
   10.718720820006968      -0.68889397144094644     
   10.730271165718182      -0.68901654985240268     
   10.741821511429396      -0.68913887996485257     
   10.753371857140611      -0.68926096142490212     
   10.764922202851826      -0.68938279387904688     
   10.776472548563040      -0.68950437697366984     
   10.788022894274254      -0.68962571035504383     
   10.799573239985468      -0.68974679366933134     
   10.811123585696683      -0.68986762656258616     
   10.822673931407898      -0.68998820868075339     
   10.834224277119112      -0.69010853966966945     
   10.845774622830326      -0.69022861917506351     
   10.857324968541540      -0.69034844684255847     
   10.868875314252755      -0.69046802231767057     
   10.880425659963970      -0.69058734524581145     
   10.891976005675184      -0.69070641527228704     
   10.903526351386398      -0.69082523204230017     
   10.915076697097613      -0.69094379520094917     
   10.926627042808827      -0.69106210439323101     
   10.938177388520042      -0.69118015926403964     
   10.949727734231256      -0.69129795945816674     
   10.961278079942470      -0.69141550462030599     
   10.972828425653685      -0.69153279439504756     
   10.984378771364899      -0.69164982842688605     
   10.995929117076114      -0.69176660636021403     
   11.007479462787328      -0.69188312783932815     
   11.019029808498543      -0.69199939250842701     
   11.030580154209757      -0.69211540001161176     
   11.042130499920971      -0.69223114999288926     
   11.053680845632186      -0.69234664209617058     
   11.065231191343400      -0.69246187596527131     
   11.076781537054615      -0.69257685124391488     
   11.088331882765829      -0.69269156757572992     
   11.099882228477043      -0.69280602460425400     
   11.111432574188258      -0.69292022197293146     
   11.122982919899473      -0.69303415932511669     
   11.134533265610687      -0.69314783630407462     
   11.146083611321901      -0.69326125255297777     
   11.157633957033115      -0.69337440771491243     
   11.169184302744330      -0.69348730143287518     
   11.180734648455545      -0.69359993334977665     
   11.192284994166759      -0.69371230310843923     
   11.203835339877973      -0.69382441035159959     
   11.215385685589187      -0.69393625472190945     
   11.226936031300403      -0.69404783586193575     
   11.238486377011617      -0.69415915341416190     
   11.250036722722831      -0.69427020702098807     
   11.261587068434045      -0.69438099632473171     
   11.273137414145259      -0.69449152096762845     
   11.284687759856475      -0.69460178059183408     
   11.296238105567689      -0.69471177483942326     
   11.307788451278903      -0.69482150335239179     
   11.319338796990117      -0.69493096577265578     
   11.330889142701331      -0.69504016174205530     
   11.342439488412547      -0.69514909090235122     
   11.353989834123761      -0.69525775289522862     
   11.365540179834975      -0.69536614736229774     
   11.377090525546189      -0.69547427394509265     
   11.388640871257403      -0.69558213228507504     
   11.400191216968619      -0.69568972202363066     
   11.411741562679833      -0.69579704280207488     
   11.423291908391047      -0.69590409426165012     
   11.434842254102261      -0.69601087604352696     
   11.446392599813475      -0.69611738778880761     
   11.457942945524691      -0.69622362913852365     
   11.469493291235905      -0.69632959973363762     
   11.481043636947119      -0.69643529921504399     
   11.492593982658333      -0.69654072722357152     
   11.504144328369547      -0.69664588339998013     
   11.515694674080763      -0.69675076738496589     
   11.527245019791977      -0.69685537881915915     
   11.538795365503191      -0.69695971734312689     
   11.550345711214405      -0.69706378259737223     
