   0.0000000000000000       0.74715328699603889     
  1.15503457112144051E-002  0.74757340184466181     
  2.31006914224288103E-002  0.74799362267451197     
  3.46510371336432171E-002  0.74841394935421457     
  4.62013828448576205E-002  0.74883438175211747     
  5.77517285560720239E-002  0.74925491973628866     
  6.93020742672864343E-002  0.74967556317452066     
  8.08524199785008307E-002  0.75009631193432491     
  9.24027656897152411E-002  0.75051716588293538     
  0.10395311140092965       0.75093812488730505     
  0.11550345711214405       0.75135918881410813     
  0.12705380282335846       0.75178035752973860     
  0.13860414853457287       0.75220163090030934     
  0.15015449424578728       0.75262300879165267     
  0.16170483995700166       0.75304449106932003     
  0.17325518566821607       0.75346607759857931     
  0.18480553137943048       0.75388776824441861     
  0.19635587709064489       0.75430956287154205     
  0.20790622280185930       0.75473146134437141     
  0.21945656851307369       0.75515346352704560     
  0.23100691422428810       0.75557556928341973     
  0.24255725993550251       0.75599777847706462     
  0.25410760564671692       0.75642009097126683     
  0.26565795135793130       0.75684250662902874     
  0.27720829706914574       0.75726502531306705     
  0.28875864278036012       0.75768764688581380     
  0.30030898849157456       0.75811037120941394     
  0.31185933420278894       0.75853319814572762     
  0.32340967991400332       0.75895612755632702     
  0.33496002562521776       0.75937915930249866     
  0.34651037133643214       0.75980229324524062     
  0.35806071704764658       0.76022552924526388     
  0.36961106275886096       0.76064886716299096     
  0.38116140847007535       0.76107230685855642     
  0.39271175418128978       0.76149584819180505     
  0.40426209989250417       0.76191949102229373     
  0.41581244560371861       0.76234323520928793     
  0.42736279131493299       0.76276708061176490     
  0.43891313702614737       0.76319102708841025     
  0.45046348273736181       0.76361507449761912     
  0.46201382844857619       0.76403922269749602     
  0.47356417415979063       0.76446347154585315     
  0.48511451987100501       0.76488782090021079     
  0.49666486558221939       0.76531227061779750     
  0.50821521129343383       0.76573682055554904     
  0.51976555700464822       0.76616147057010775     
  0.53131590271586260       0.76658622051782221     
  0.54286624842707709       0.76701107025474846     
  0.55441659413829147       0.76743601963664632     
  0.56596693984950586       0.76786106851898250     
  0.57751728556072024       0.76828621675692843     
  0.58906763127193462       0.76871146420536007     
  0.60061797698314912       0.76913681071885698     
  0.61216832269436350       0.76956225615170359     
  0.62371866840557788       0.76998780035788550     
  0.63526901411679226       0.77041344319109506     
  0.64681935982800665       0.77083918450472444     
  0.65836970553922114       0.77126502415186915     
  0.66992005125043552       0.77169096198532527     
  0.68147039696164990       0.77211699785759225     
  0.69302074267286429       0.77254313162086974     
  0.70457108838407867       0.77296936312705744     
  0.71612143409529316       0.77339569222775639     
  0.72767177980650755       0.77382211877426710     
  0.73922212551772193       0.77424864261758963     
  0.75077247122893631       0.77467526360842331     
  0.76232281694015069       0.77510198159716592     
  0.77387316265136519       0.77552879643391370     
  0.78542350836257957       0.77595570796846114     
  0.79697385407379395       0.77638271605029963     
  0.80852419978500834       0.77680982052861791     
  0.82007454549622272       0.77723702125230210     
  0.83162489120743721       0.77766431806993364     
  0.84317523691865159       0.77809171082979134     
  0.85472558262986598       0.77851919937984870     
  0.86627592834108036       0.77894678356777358     
  0.87782627405229474       0.77937446324092996     
  0.88937661976350924       0.77980223824637618     
  0.90092696547472362       0.78023010843086338     
  0.91247731118593800       0.78065807364083772     
  0.92402765689715238       0.78108613372243751     
  0.93557800260836677       0.78151428852149407     
  0.94712834831958126       0.78194253788353185     
  0.95867869403079564       0.78237088165376523     
  0.97022903974201002       0.78279931967710314     
  0.98177938545322441       0.78322785179814314     
  0.99332973116443879       0.78365647786117543     
   1.0048800768756532       0.78408519771017893     
   1.0164304225868677       0.78451401118882436     
   1.0279807682980822       0.78494291814046990     
   1.0395311140092964       0.78537191840816489     
   1.0510814597205109       0.78580101183464535     
   1.0626318054317252       0.78623019826233875     
   1.0741821511429397       0.78665947753335730     
   1.0857324968541542       0.78708884948950264     
   1.0972828425653685       0.78751831397226335     
   1.1088331882765829       0.78794787082281403     
   1.1203835339877972       0.78837751988201643     
   1.1319338796990117       0.78880726099041698     
   1.1434842254102262       0.78923709398824948     
   1.1550345711214405       0.78966701871543221     
   1.1665849168326550       0.79009703501156758     
   1.1781352625438692       0.79052714271594249     
   1.1896856082550837       0.79095734166752774     
   1.2012359539662982       0.79138763170497817     
   1.2127862996775125       0.79181801266663143     
   1.2243366453887270       0.79224848439050721     
   1.2358869910999413       0.79267904671430844     
   1.2474373368111558       0.79310969947541954     
   1.2589876825223703       0.79354044251090650     
   1.2705380282335845       0.79397127565751557     
   1.2820883739447990       0.79440219875167539     
   1.2936387196560133       0.79483321162949261     
   1.3051890653672278       0.79526431412675491     
   1.3167394110784423       0.79569550607892992     
   1.3282897567896566       0.79612678732116304     
   1.3398401025008710       0.79655815768827998     
   1.3513904482120853       0.79698961701478177     
   1.3629407939232998       0.79742116513484984     
   1.3744911396345143       0.79785280188234176     
   1.3860414853457286       0.79828452709079201     
   1.3975918310569431       0.79871634059341234     
   1.4091421767681573       0.79914824222309022     
   1.4206925224793718       0.79958023181238780     
   1.4322428681905863       0.80001230919354360     
   1.4437932139018006       0.80044447419847098     
   1.4553435596130151       0.80087672665875831     
   1.4668939053242294       0.80130906640566579     
   1.4784442510354439       0.80174149327012945     
   1.4899945967466584       0.80217400708275677     
   1.5015449424578726       0.80260660767382996     
   1.5130952881690871       0.80303929487330239     
   1.5246456338803014       0.80347206851079866     
   1.5361959795915159       0.80390492841561578     
   1.5477463253027304       0.80433787441672300     
   1.5592966710139446       0.80477090634275816     
   1.5708470167251591       0.80520402402202962     
   1.5823973624363734       0.80563722728251697     
   1.5939477081475879       0.80607051595186852     
   1.6054980538588024       0.80650388985740096     
   1.6170483995700167       0.80693734882609991     
   1.6285987452812312       0.80737089268461981     
   1.6401490909924454       0.80780452125928204     
   1.6516994367036599       0.80823823437607534     
   1.6632497824148744       0.80867203186065573     
   1.6748001281260887       0.80910591353834582     
   1.6863504738373032       0.80953987923413329     
   1.6979008195485175       0.80997392877267260     
   1.7094511652597320       0.81040806197828286     
   1.7210015109709464       0.81084227867494751     
   1.7325518566821607       0.81127657868631442     
   1.7441022023933752       0.81171096183569680     
   1.7556525481045895       0.81214542794606992     
   1.7672028938158040       0.81257997684007222     
   1.7787532395270185       0.81301460834000494     
   1.7903035852382327       0.81344932226783218     
   1.8018539309494472       0.81388411844517838     
   1.8134042766606615       0.81431899669333108     
   1.8249546223718760       0.81475395683323715     
   1.8365049680830905       0.81518899868550532     
   1.8480553137943048       0.81562412207040313     
   1.8596056595055193       0.81605932680785875     
   1.8711560052167335       0.81649461271745927     
   1.8827063509279480       0.81692997961845060     
   1.8942566966391625       0.81736542732973660     
   1.9058070423503768       0.81780095566987954     
   1.9173573880615913       0.81823656445709858     
   1.9289077337728056       0.81867225350927086     
   1.9404580794840200       0.81910802264392957     
   1.9520084251952345       0.81954387167826370     
   1.9635587709064488       0.81997980042911900     
   1.9751091166176633       0.82041580871299646     
   1.9866594623288776       0.82085189634605038     
   1.9982098080400921       0.82128806314409153     
   2.0097601537513063       0.82172430892258341     
   2.0213104994625208       0.82216063349664426     
   2.0328608451737353       0.82259703668104422     
   2.0444111908849498       0.82303351829020721     
   2.0559615365961643       0.82347007813820861     
   2.0675118823073784       0.82390671603877608     
   2.0790622280185929       0.82434343180528924     
   2.0906125737298074       0.82478022525077788     
   2.1021629194410218       0.82521709618792205     
   2.1137132651522363       0.82565404442905332     
   2.1252636108634504       0.82609106978615165     
   2.1368139565746649       0.82652817207084706     
   2.1483643022858794       0.82696535109441716     
   2.1599146479970939       0.82740260666779042     
   2.1714649937083084       0.82783993860154004     
   2.1830153394195224       0.82827734670588882     
   2.1945656851307369       0.82871483079070651     
   2.2061160308419514       0.82915239066550850     
   2.2176663765531659       0.82959002613945698     
   2.2292167222643804       0.83002773702136035     
   2.2407670679755944       0.83046552311967148     
   2.2523174136868089       0.83090338424248833     
   2.2638677593980234       0.83134132019755325     
   2.2754181051092379       0.83177933079225230     
   2.2869684508204524       0.83221741583361597     
   2.2985187965316665       0.83265557512831734     
   2.3100691422428810       0.83309380848267178     
   2.3216194879540955       0.83353211570263663     
   2.3331698336653099       0.83397049659381284     
   2.3447201793765244       0.83440895096144030     
   2.3562705250877385       0.83484747861040143     
   2.3678208707989530       0.83528607934521759     
   2.3793712165101675       0.83572475297005266     
   2.3909215622213820       0.83616349928870637     
   2.4024719079325965       0.83660231810462149     
   2.4140222536438105       0.83704120922087633     
   2.4255725993550250       0.83748017244018857     
   2.4371229450662395       0.83791920756491467     
   2.4486732907774540       0.83835831439704700     
   2.4602236364886685       0.83879749273821480     
   2.4717739821998825       0.83923674238968471     
   2.4833243279110970       0.83967606315235854     
   2.4948746736223115       0.84011545482677363     
   2.5064250193335260       0.84055491721310349     
   2.5179753650447405       0.84099445011115470     
   2.5295257107559546       0.84143405332036869     
   2.5410760564671691       0.84187372663982096     
   2.5526264021783835       0.84231346986821998     
   2.5641767478895980       0.84275328280390738     
   2.5757270936008125       0.84319316524485610     
   2.5872774393120266       0.84363311698867183     
   2.5988277850232411       0.84407313783259263     
   2.6103781307344556       0.84451322757348612     
   2.6219284764456701       0.84495338600785064     
   2.6334788221568846       0.84539361293181547     
   2.6450291678680986       0.84583390814113957     
   2.6565795135793131       0.84627427143120892     
   2.6681298592905276       0.84671470259704240     
   2.6796802050017421       0.84715520143328316     
   2.6912305507129566       0.84759576773420497     
   2.7027808964241706       0.84803640129370705     
   2.7143312421353851       0.84847710190531744     
   2.7258815878465996       0.84891786936218872     
   2.7374319335578141       0.84935870345710152     
   2.7489822792690286       0.84979960398246035     
   2.7605326249802427       0.85024057073029546     
   2.7720829706914571       0.85068160349226252     
   2.7836333164026716       0.85112270205964091     
   2.7951836621138861       0.85156386622333291     
   2.8067340078251006       0.85200509577386541     
   2.8182843535363147       0.85244639050138804     
   2.8298346992475292       0.85288775019567120     
   2.8413850449587437       0.85332917464610991     
   2.8529353906699582       0.85377066364171839     
   2.8644857363811727       0.85421221697113314     
   2.8760360820923867       0.85465383442261023     
   2.8875864278036012       0.85509551578402754     
   2.8991367735148157       0.85553726084288062     
   2.9106871192260302       0.85597906938628554     
   2.9222374649372447       0.85642094120097678     
   2.9337878106484587       0.85686287607330669     
   2.9453381563596732       0.85730487378924525     
   2.9568885020708877       0.85774693413438174     
   2.9684388477821022       0.85818905689392000     
   2.9799891934933167       0.85863124185268125     
   2.9915395392045308       0.85907348879510337     
   3.0030898849157452       0.85951579750523799     
   3.0146402306269597       0.85995816776675338     
   3.0261905763381742       0.86040059936293156     
   3.0377409220493887       0.86084309207666942     
   3.0492912677606028       0.86128564569047728     
   3.0608416134718173       0.86172825998647817     
   3.0723919591830318       0.86217093474640805     
   3.0839423048942463       0.86261366975161502     
   3.0954926506054607       0.86305646478305986     
   3.1070429963166748       0.86349931962131365     
   3.1185933420278893       0.86394223404655934     
   3.1301436877391038       0.86438520783858919     
   3.1416940334503183       0.86482824077680576     
   3.1532443791615328       0.86527133264022238     
   3.1647947248727468       0.86571448320745992     
   3.1763450705839613       0.86615769225674755     
   3.1878954162951758       0.86660095956592365     
   3.1994457620063903       0.86704428491243424     
   3.2109961077176048       0.86748766807333122     
   3.2225464534288188       0.86793110882527469     
   3.2340967991400333       0.86837460694453028     
   3.2456471448512478       0.86881816220696950     
   3.2571974905624623       0.86926177438806840     
   3.2687478362736768       0.86970544326290944     
   3.2802981819848909       0.87014916860617797     
   3.2918485276961054       0.87059295019216387     
   3.3033988734073199       0.87103678779476090     
   3.3149492191185344       0.87148068118746380     
   3.3264995648297488       0.87192463014337274     
   3.3380499105409629       0.87236863443518764     
   3.3496002562521774       0.87281269383521098     
   3.3611506019633919       0.87325680811534601     
   3.3727009476746064       0.87370097704709615     
   3.3842512933858209       0.87414520040156551     
   3.3958016390970349       0.87458947794945907     
   3.4073519848082494       0.87503380946107767     
   3.4189023305194639       0.87547819470632415     
   3.4304526762306784       0.87592263345469779     
   3.4420030219418929       0.87636712547529683     
   3.4535533676531069       0.87681167053681552     
   3.4651037133643214       0.87725626840754589     
   3.4766540590755359       0.87770091885537582     
   3.4882044047867504       0.87814562164778975     
   3.4997547504979649       0.87859037655186600     
   3.5113050962091790       0.87903518333427977     
   3.5228554419203935       0.87948004176129990     
   3.5344057876316080       0.87992495159878903     
   3.5459561333428224       0.88036991261220321     
   3.5575064790540369       0.88081492456659127     
   3.5690568247652510       0.88125998722659593     
   3.5806071704764655       0.88170510035645111     
   3.5921575161876800       0.88215026371998195     
   3.6037078618988945       0.88259547708060548     
   3.6152582076101090       0.88304074020132917     
   3.6268085533213230       0.88348605284475012     
   3.6383588990325375       0.88393141477305648     
   3.6499092447437520       0.88437682574802368     
   3.6614595904549665       0.88482228553101794     
   3.6730099361661810       0.88526779388299193     
   3.6845602818773950       0.88571335056448774     
   3.6961106275886095       0.88615895533563405     
   3.7076609732998240       0.88660460795614593     
   3.7192113190110385       0.88705030818532549     
   3.7307616647222530       0.88749605578206137     
   3.7423120104334671       0.88794185050482433     
   3.7538623561446816       0.88838769211167579     
   3.7654127018558960       0.88883358036025617     
   3.7769630475671105       0.88927951500779290     
   3.7885133932783250       0.88972549581109572     
   3.8000637389895391       0.89017152252655829     
   3.8116140847007536       0.89061759491015502     
   3.8231644304119681       0.89106371271744456     
   3.8347147761231826       0.89150987570356632     
   3.8462651218343971       0.89195608362324008     
   3.8578154675456111       0.89240233623076726     
   3.8693658132568256       0.89284863328002906     
   3.8809161589680401       0.89329497452448547     
   3.8924665046792546       0.89374135971717705     
   3.9040168503904691       0.89418778861072290     
   3.9155671961016831       0.89463426095731946     
   3.9271175418128976       0.89508077650874129     
   3.9386678875241121       0.89552733501634008     
   3.9502182332353266       0.89597393623104338     
   3.9617685789465411       0.89642057990335888     
   3.9733189246577552       0.89686726578336529     
   3.9848692703689697       0.89731399362071851     
   3.9964196160801841       0.89776076316464948     
   4.0079699617913986       0.89820757416396435     
   4.0195203075026127       0.89865442636704118     
   4.0310706532138276       0.89910131952183237     
   4.0426209989250417       0.89954825337586386     
   4.0541713446362566       0.89999522767623308     
   4.0657216903474707       0.90044224216960933     
   4.0772720360586847       0.90088929660223371     
   4.0888223817698996       0.90133639071991845     
   4.1003727274811137       0.90178352426804620     
   4.1119230731923286       0.90223069699156955     
   4.1234734189035427       0.90267790863501074     
   4.1350237646147567       0.90312515894245926     
   4.1465741103259717       0.90357244765757661     
   4.1581244560371857       0.90401977452358895     
   4.1696748017484007       0.90446713928329203     
   4.1812251474596147       0.90491454167904795     
   4.1927754931708288       0.90536198145278557     
   4.2043258388820437       0.90580945834599980     
   4.2158761845932577       0.90625697209975109     
   4.2274265303044727       0.90670452245466504     
   4.2389768760156867       0.90715210915093181     
   4.2505272217269008       0.90759973192830534     
   4.2620775674381157       0.90804739052610506     
   4.2736279131493298       0.90849508468321105     
   4.2851782588605447       0.90894281413806688     
   4.2967286045717588       0.90939057862867978     
   4.3082789502829728       0.90983837789261712     
   4.3198292959941877       0.91028621166700796     
   4.3313796417054018       0.91073407968854103     
   4.3429299874166167       0.91118198169346754     
   4.3544803331278308       0.91162991741759669     
   4.3660306788390448       0.91207788659629807     
   4.3775810245502598       0.91252588896449871     
   4.3891313702614738       0.91297392425668511     
   4.4006817159726888       0.91342199220690035     
   4.4122320616839028       0.91387009254874663     
   4.4237824073951169       0.91431822501538118     
   4.4353327531063318       0.91476638933951770     
   4.4468830988175458       0.91521458525342736     
   4.4584334445287608       0.91566281248893611     
   4.4699837902399748       0.91611107077742249     
   4.4815341359511889       0.91655935984982218     
   4.4930844816624038       0.91700767943662231     
   4.5046348273736179       0.91745602926786729     
   4.5161851730848328       0.91790440907314885     
   4.5277355187960469       0.91835281858161666     
   4.5392858645072609       0.91880125752196828     
   4.5508362102184758       0.91924972562245455     
   4.5623865559296899       0.91969822261087641     
   4.5739369016409048       0.92014674821458631     
   4.5854872473521189       0.92059530216048568     
   4.5970375930633329       0.92104388417502514     
   4.6085879387745479       0.92149249398420507     
   4.6201382844857619       0.92194113131357380     
   4.6316886301969769       0.92238979588822845     
   4.6432389759081909       0.92283848743281183     
   4.6547893216194050       0.92328720567151590     
   4.6663396673306199       0.92373595032807754     
   4.6778900130418339       0.92418472112578021     
   4.6894403587530489       0.92463351778745240     
   4.7009907044642629       0.92508234003546830     
   4.7125410501754770       0.92553118759174624     
   4.7240913958866919       0.92598006017774814     
   4.7356417415979060       0.92642895751448007     
   4.7471920873091209       0.92687787932249122     
   4.7587424330203349       0.92732682532187261     
   4.7702927787315490       0.92777579523225739     
   4.7818431244427639       0.92822478877282100     
   4.7933934701539780       0.92867380566227886     
   4.8049438158651929       0.92912284561888914     
   4.8164941615764070       0.92957190836044601     
   4.8280445072876210       0.93002099360428669     
   4.8395948529988360       0.93047010106728678     
   4.8511451987100500       0.93091923046585945     
   4.8626955444212649       0.93136838151595724     
   4.8742458901324790       0.93181755393306842     
   4.8857962358436930       0.93226674743221993     
   4.8973465815549080       0.93271596172797566     
   4.9088969272661220       0.93316519653443308     
   4.9204472729773370       0.93361445156522738     
   4.9319976186885510       0.93406372653353043     
   4.9435479643997651       0.93451302115204349     
   4.9550983101109800       0.93496233513300675     
   4.9666486558221941       0.93541166818819188     
   4.9781990015334090       0.93586102002890448     
   4.9897493472446230       0.93631039036598229     
   5.0012996929558371       0.93675977890979423     
   5.0128500386670520       0.93720918537024311     
   5.0244003843782661       0.93765860945676083     
   5.0359507300894810       0.93810805087831040     
   5.0475010758006951       0.93855750934338622     
   5.0590514215119091       0.93900698456001042     
   5.0706017672231241       0.93945647623573603     
   5.0821521129343381       0.93990598407764281     
   5.0937024586455530       0.94035550779233967     
   5.1052528043567671       0.94080504708596346     
   5.1168031500679811       0.94125460166417796     
   5.1283534957791961       0.94170417123217420     
   5.1399038414904101       0.94215375549466684     
   5.1514541872016251       0.94260335415589913     
   5.1630045329128391       0.94305296691963858     
   5.1745548786240532       0.94350259348917631     
   5.1861052243352681       0.94395223356732827     
   5.1976555700464822       0.94440188685643511     
   5.2092059157576971       0.94485155305835922     
   5.2207562614689111       0.94530123187448534     
   5.2323066071801252       0.94575092300572172     
   5.2438569528913401       0.94620062615249789     
   5.2554072986025542       0.94665034101476431     
   5.2669576443137691       0.94710006729199192     
   5.2785079900249832       0.94754980468317196     
   5.2900583357361972       0.94799955288681492     
   5.3016086814474122       0.94844931160095181     
   5.3131590271586262       0.94889908052313154     
   5.3247093728698411       0.94934885935042013     
   5.3362597185810552       0.94979864777940215     
   5.3478100642922692       0.95024844550617971     
   5.3593604100034842       0.95069825222637216     
   5.3709107557146982       0.95114806763511273     
   5.3824611014259132       0.95159789142705320     
   5.3940114471371272       0.95204772329635767     
   5.4055617928483413       0.95249756293670662     
   5.4171121385595562       0.95294741004129502     
   5.4286624842707702       0.95339726430283067     
   5.4402128299819852       0.95384712541353434     
   5.4517631756931992       0.95429699306513993     
   5.4633135214044133       0.95474686694889388     
   5.4748638671156282       0.95519674675555333     
   5.4864142128268423       0.95564663217538748     
   5.4979645585380572       0.95609652289817659     
   5.5095149042492713       0.95654641861320910     
   5.5210652499604853       0.95699631900928572     
   5.5326155956717002       0.95744622377471389     
   5.5441659413829143       0.95789613259731221     
   5.5557162870941292       0.95834604516440491     
   5.5672666328053433       0.95879596116282639     
   5.5788169785165573       0.95924588027891589     
   5.5903673242277723       0.95969580219852080     
   5.6019176699389863       0.96014572660699504     
   5.6134680156502013       0.96059565318919637     
   5.6250183613614153       0.96104558162949016     
   5.6365687070726294       0.96149551161174429     
   5.6481190527838443       0.96194544281933181     
   5.6596693984950583       0.96239537493512983     
   5.6712197442062733       0.96284530764151777     
   5.6827700899174873       0.96329524062037852     
   5.6943204356287014       0.96374517355309697     
   5.7058707813399163       0.96419510612055936     
   5.7174211270511304       0.96464503800315271     
   5.7289714727623453       0.96509496888076629     
   5.7405218184735594       0.96554489843278812     
   5.7520721641847734       0.96599482633810629     
   5.7636225098959883       0.96644475227510895     
   5.7751728556072024       0.96689467592168132     
   5.7867232013184173       0.96734459695520769     
   5.7982735470296314       0.96779451505257108     
   5.8098238927408454       0.96824442989014914     
   5.8213742384520604       0.96869434114381947     
   5.8329245841632744       0.96914424848895286     
   5.8444749298744894       0.96959415160041784     
   5.8560252755857034       0.97004405015257711     
   5.8675756212969175       0.97049394381928811     
   5.8791259670081324       0.97094383227390280     
   5.8906763127193464       0.97139371518926754     
   5.9022266584305614       0.97184359223771988     
   5.9137770041417754       0.97229346309109210     
   5.9253273498529895       0.97274332742070790     
   5.9368776955642044       0.97319318489738293     
   5.9484280412754185       0.97364303519142303     
   5.9599783869866334       0.97409287797262634     
   5.9715287326978475       0.97454271291028005     
   5.9830790784090615       0.97499253967316135     
   5.9946294241202764       0.97544235792953682     
   6.0061797698314905       0.97589216734716200     
   6.0177301155427054       0.97634196759327940     
   6.0292804612539195       0.97679175833462151     
   6.0408308069651335       0.97724153923740575     
   6.0523811526763485       0.97769130996733689     
   6.0639314983875625       0.97814107018960739     
   6.0754818440987775       0.97859081956889327     
   6.0870321898099915       0.97904055776935783     
   6.0985825355212055       0.97949028445464614     
   6.1101328812324205       0.97993999928789199     
   6.1216832269436345       0.98038970193170882     
   6.1332335726548495       0.98083939204819504     
   6.1447839183660635       0.98128906929893167     
   6.1563342640772776       0.98173873334498196     
   6.1678846097884925       0.98218838384689067     
   6.1794349554997066       0.98263802046468429     
   6.1909853012109215       0.98308764285786931     
   6.2025356469221355       0.98353725068543396     
   6.2140859926333496       0.98398684360584387     
   6.2256363383445645       0.98443642127704578     
   6.2371866840557786       0.98488598335646504     
   6.2487370297669935       0.98533552950100523     
   6.2602873754782076       0.98578505936704530     
   6.2718377211894216       0.98623457261044578     
   6.2833880669006366       0.98668406888654103     
   6.2949384126118506       0.98713354785014229     
   6.3064887583230655       0.98758300915553665     
   6.3180391040342796       0.98803245245648663     
   6.3295894497454936       0.98848187740622950     
   6.3411397954567086       0.98893128365747718     
   6.3526901411679226       0.98938067086241366     
   6.3642404868791376       0.98983003867269881     
   6.3757908325903516       0.99027938673946392     
   6.3873411783015657       0.99072871471331214     
   6.3988915240127806       0.99117802224431961     
   6.4104418697239947       0.99162730898203288     
   6.4219922154352096       0.99207657457546994     
   6.4335425611464236       0.99252581867311884     
   6.4450929068576377       0.99297504092293698     
   6.4566432525688526       0.99342424097235282     
   6.4681935982800667       0.99387341846826094     
   6.4797439439912816       0.99432257305702654     
   6.4912942897024957       0.99477170438448259     
   6.5028446354137097       0.99522081209592816     
   6.5143949811249247       0.99566989583612919     
   6.5259453268361387       0.99611895524931870     
   6.5374956725473536       0.99656798997919760     
   6.5490460182585677       0.99701699966892798     
   6.5605963639697817       0.99746598396113917     
   6.5721467096809967       0.99791494249792556     
   6.5836970553922107       0.99836387492084477     
   6.5952474011034257       0.99881278087091663     
   6.6067977468146397       0.99926165998862548     
   6.6183480925258538       0.99971051191391758     
   6.6298984382370687        1.0001593362862018     
   6.6414487839482828        1.0006081327443468     
   6.6529991296594977        1.0010569009266839     
   6.6645494753707117        1.0015056404710037     
   6.6760998210819258        1.0019543510145572     
   6.6876501667931407        1.0024030321940565     
   6.6992005125043548        1.0028516836456691     
   6.7107508582155697        1.0033003050050244     
   6.7223012039267838        1.0037488959072081     
   6.7338515496379978        1.0041974559867639     
   6.7454018953492128        1.0046459848776927     
   6.7569522410604268        1.0050944822134513     
   6.7685025867716417        1.0055429476269531     
   6.7800529324828558        1.0059913807505669     
   6.7916032781940698        1.0064397812161170     
   6.8031536239052848        1.0068881486548822     
   6.8147039696164988        1.0073364826975937     
   6.8262543153277138        1.0077847829744389     
   6.8378046610389278        1.0082330491150573     
   6.8493550067501419        1.0086812807485404     
   6.8609053524613568        1.0091294775034327     
   6.8724556981725708        1.0095776390077289     
   6.8840060438837858        1.0100257648888775     
   6.8955563895949998        1.0104738547737753     
   6.9071067353062139        1.0109219082887702     
   6.9186570810174288        1.0113699250596602     
   6.9302074267286429        1.0118179047116922     
   6.9417577724398578        1.0122658468695607     
   6.9533081181510719        1.0127137511574100     
   6.9648584638622859        1.0131616171988318     
   6.9764088095735008        1.0136094446168653     
   6.9879591552847149        1.0140572330339956     
   6.9995095009959298        1.0145049820721546     
   7.0110598467071439        1.0149526913527194     
   7.0226101924183579        1.0154003604965147     
   7.0341605381295729        1.0158479891238077     
   7.0457108838407869        1.0162955768543105     
   7.0572612295520019        1.0167431233071789     
   7.0688115752632159        1.0171906281010128     
   7.0803619209744300        1.0176380908538551     
   7.0919122666856449        1.0180855111831906     
   7.1034626123968589        1.0185328887059459     
   7.1150129581080739        1.0189802230384906     
   7.1265633038192879        1.0194275137966320     
   7.1381136495305020        1.0198747605956211     
   7.1496639952417169        1.0203219630501488     
   7.1612143409529310        1.0207691207743423     
   7.1727646866641459        1.0212162333817711     
   7.1843150323753600        1.0216633004854432     
   7.1958653780865740        1.0221103216978027     
   7.2074157237977889        1.0225572966307330     
   7.2189660695090030        1.0230042248955533     
   7.2305164152202179        1.0234511061030211     
   7.2420667609314320        1.0238979398633283     
   7.2536171066426460        1.0243447257861040     
   7.2651674523538610        1.0247914634804116     
   7.2767177980650750        1.0252381525547498     
   7.2882681437762900        1.0256847926170511     
   7.2998184894875040        1.0261313832746823     
   7.3113688351987181        1.0265779241344426     
   7.3229191809099330        1.0270244148025653     
   7.3344695266211470        1.0274708548847149     
   7.3460198723323620        1.0279172439859885     
   7.3575702180435760        1.0283635817109145     
   7.3691205637547901        1.0288098676634514     
   7.3806709094660050        1.0292561014469901     
   7.3922212551772191        1.0297022826643489     
   7.4037716008884340        1.0301484109177788     
   7.4153219465996481        1.0305944858089553     
   7.4268722923108621        1.0310405069389872     
   7.4384226380220770        1.0314864739084086     
   7.4499729837332911        1.0319323863171823     
   7.4615233294445060        1.0323782437646971     
   7.4730736751557201        1.0328240458497702     
   7.4846240208669341        1.0332697921706435     
   7.4961743665781491        1.0337154823249846     
   7.5077247122893631        1.0341611159098869     
   7.5192750580005780        1.0346066925218693     
   7.5308254037117921        1.0350522117568739     
   7.5423757494230061        1.0354976732102672     
   7.5539260951342211        1.0359430764768376     
   7.5654764408454351        1.0363884211507985     
   7.5770267865566501        1.0368337068257849     
   7.5885771322678641        1.0372789330948533     
   7.6001274779790782        1.0377240995504828     
   7.6116778236902931        1.0381692057845715     
   7.6232281694015072        1.0386142513884400     
   7.6347785151127221        1.0390592359528283     
   7.6463288608239361        1.0395041590678964     
   7.6578792065351502        1.0399490203232229     
   7.6694295522463651        1.0403938193078039     
   7.6809798979575792        1.0408385556100568     
   7.6925302436687941        1.0412832288178142     
   7.7040805893800082        1.0417278385183262     
   7.7156309350912222        1.0421723842982613     
   7.7271812808024372        1.0426168657437032     
   7.7387316265136512        1.0430612824401502     
   7.7502819722248661        1.0435056339725199     
   7.7618323179360802        1.0439499199251399     
   7.7733826636472942        1.0443941398817564     
   7.7849330093585092        1.0448382934255271     
   7.7964833550697232        1.0452823801390250     
   7.8080337007809382        1.0457263996042347     
   7.8195840464921522        1.0461703514025544     
   7.8311343922033663        1.0466142351147947     
   7.8426847379145812        1.0470580503211773     
   7.8542350836257953        1.0475017966013349     
   7.8657854293370102        1.0479454735343121     
   7.8773357750482242        1.0483890806985623     
   7.8888861207594383        1.0488326176719500     
   7.9004364664706532        1.0492760840317501     
   7.9119868121818673        1.0497194793546443     
   7.9235371578930822        1.0501628032167236     
   7.9350875036042963        1.0506060551934870     
   7.9466378493155103        1.0510492348598415     
   7.9581881950267253        1.0514923417901021     
   7.9697385407379393        1.0519353755579879     
   7.9812888864491542        1.0523783357366270     
   7.9928392321603683        1.0528212218985513     
   8.0043895778715832        1.0532640336157000     
   8.0159399235827973        1.0537067704594147     
   8.0274902692940113        1.0541494320004434     
   8.0390406150052254        1.0545920178089374     
   8.0505909607164412        1.0550345274544524     
   8.0621413064276553        1.0554769605059446     
   8.0736916521388693        1.0559193165317757     
   8.0852419978500834        1.0563615950997085     
   8.0967923435612974        1.0568037957769076     
   8.1083426892725132        1.0572459181299374     
   8.1198930349837273        1.0576879617247663     
   8.1314433806949413        1.0581299261267603     
   8.1429937264061554        1.0585718109006856     
   8.1545440721173694        1.0590136156107102     
   8.1660944178285853        1.0594553398203985     
   8.1776447635397993        1.0598969830927152     
   8.1891951092510133        1.0603385449900213     
   8.2007454549622274        1.0607800250740771     
   8.2122958006734414        1.0612214229060402     
   8.2238461463846573        1.0616627380464645     
   8.2353964920958713        1.0621039700552990     
   8.2469468378070854        1.0625451184918910     
   8.2584971835182994        1.0629861829149825     
   8.2700475292295135        1.0634271628827097     
   8.2815978749407293        1.0638680579526041     
   8.2931482206519433        1.0643088676815904     
   8.3046985663631574        1.0647495916259895     
   8.3162489120743714        1.0651902293415121     
   8.3277992577855855        1.0656307803832641     
   8.3393496034968013        1.0660712443057438     
   8.3508999492080154        1.0665116206628400     
   8.3624502949192294        1.0669519090078343     
   8.3740006406304435        1.0673921088933993     
   8.3855509863416575        1.0678322198715979     
   8.3971013320528733        1.0682722414938830     
   8.4086516777640874        1.0687121733110971     
   8.4202020234753014        1.0691520148734732     
   8.4317523691865155        1.0695917657306324     
   8.4433027148977295        1.0700314254315848     
   8.4548530606089454        1.0704709935247272     
   8.4664034063201594        1.0709104695578451     
   8.4779537520313735        1.0713498530781111     
   8.4895040977425875        1.0717891436320854     
   8.5010544434538016        1.0722283407657125     
   8.5126047891650174        1.0726674440243251     
   8.5241551348762314        1.0731064529526382     
   8.5357054805874455        1.0735453670947550     
   8.5472558262986595        1.0739841859941630     
   8.5588061720098736        1.0744229091937325     
   8.5703565177210894        1.0748615362357166     
   8.5819068634323035        1.0753000666617545     
   8.5934572091435175        1.0757385000128665     
   8.6050075548547316        1.0761768358294557     
   8.6165579005659456        1.0766150736513087     
   8.6281082462771614        1.0770532130175912     
   8.6396585919883755        1.0774912534668504     
   8.6512089376995895        1.0779291945370175     
   8.6627592834108036        1.0783670357654003     
   8.6743096291220176        1.0788047766886888     
   8.6858599748332335        1.0792424168429513     
   8.6974103205444475        1.0796799557636356     
   8.7089606662556616        1.0801173929855685     
   8.7205110119668756        1.0805547280429546     
   8.7320613576780897        1.0809919604693763     
   8.7436117033893055        1.0814290897977943     
   8.7551620491005195        1.0818661155605451     
   8.7667123948117336        1.0823030372893434     
   8.7782627405229476        1.0827398545152780     
   8.7898130862341617        1.0831765667688158     
   8.8013634319453775        1.0836131735797960     
   8.8129137776565916        1.0840496744774359     
   8.8244641233678056        1.0844860689903255     
   8.8360144690790197        1.0849223566464301     
   8.8475648147902337        1.0853585369730872     
   8.8591151605014495        1.0857946094970086     
   8.8706655062126636        1.0862305737442786     
   8.8822158519238776        1.0866664292403554     
   8.8937661976350917        1.0871021755100667     
   8.9053165433463057        1.0875378120776138     
   8.9168668890575216        1.0879733384665684     
   8.9284172347687356        1.0884087541998735     
   8.9399675804799497        1.0888440587998429     
   8.9515179261911637        1.0892792517881598     
   8.9630682719023778        1.0897143326858771     
   8.9746186176135936        1.0901493010134162     
   8.9861689633248076        1.0905841562905694     
   8.9977193090360217        1.0910188980364961     
   9.0092696547472357        1.0914535257697233     
   9.0208200004584498        1.0918880390081458     
   9.0323703461696656        1.0923224372690270     
   9.0439206918808797        1.0927567200689965     
   9.0554710375920937        1.0931908869240494     
   9.0670213833033078        1.0936249373495472     
   9.0785717290145218        1.0940588708602168     
   9.0901220747257376        1.0944926869701519     
   9.1016724204369517        1.0949263851928110     
   9.1132227661481657        1.0953599650410142     
   9.1247731118593798        1.0957934260269477     
   9.1363234575705938        1.0962267676621624     
   9.1478738032818097        1.0966599894575706     
   9.1594241489930237        1.0970930909234484     
   9.1709744947042378        1.0975260715694346     
   9.1825248404154518        1.0979589309045292     
   9.1940751861266659        1.0983916684370945     
   9.2056255318378817        1.0988242836748552     
   9.2171758775490957        1.0992567761248953     
   9.2287262232603098        1.0996891452936595     
   9.2402765689715238        1.1001213906869538     
   9.2518269146827379        1.1005535118099439     
   9.2633772603939537        1.1009855081671540     
   9.2749276061051678        1.1014173792624664     
   9.2864779518163818        1.1018491245991255     
   9.2980282975275959        1.1022807436797313     
   9.3095786432388099        1.1027122360062411     
   9.3211289889500257        1.1031436010799731     
   9.3326793346612398        1.1035748384015993     
   9.3442296803724538        1.1040059474711492     
   9.3557800260836679        1.1044369277880102     
   9.3673303717948819        1.1048677788509236     
   9.3788807175060978        1.1052985001579880     
   9.3904310632173118        1.1057290912066569     
   9.4019814089285259        1.1061595514937379     
   9.4135317546397399        1.1065898805153944     
   9.4250821003509540        1.1070200777671420     
   9.4366324460621698        1.1074501427438537     
   9.4481827917733838        1.1078800749397506     
   9.4597331374845979        1.1083098738484123     
   9.4712834831958119        1.1087395389627659     
   9.4828338289070260        1.1091690697750951     
   9.4943841746182418        1.1095984657770350     
   9.5059345203294559        1.1100277264595690     
   9.5174848660406699        1.1104568513130355     
   9.5290352117518839        1.1108858398271213     
   9.5405855574630980        1.1113146914908640     
   9.5521359031743138        1.1117434057926527     
   9.5636862488855279        1.1121719822202258     
   9.5752365945967419        1.1126004202606703     
   9.5867869403079560        1.1130287194004223     
   9.5983372860191700        1.1134568791252668     
   9.6098876317303858        1.1138848989203385     
   9.6214379774415999        1.1143127782701181     
   9.6329883231528139        1.1147405166584348     
   9.6445386688640280        1.1151681135684650     
   9.6560890145752420        1.1155955684827326     
   9.6676393602864579        1.1160228808831056     
   9.6791897059976719        1.1164500502508024     
   9.6907400517088860        1.1168770760663831     
   9.7022903974201000        1.1173039578097577     
   9.7138407431313141        1.1177306949601760     
   9.7253910888425299        1.1181572869962368     
   9.7369414345537439        1.1185837333958821     
   9.7484917802649580        1.1190100336363982     
   9.7600421259761720        1.1194361871944147     
   9.7715924716873861        1.1198621935459045     
   9.7831428173986019        1.1202880521661842     
   9.7946931631098160        1.1207137625299133     
   9.8062435088210300        1.1211393241110943     
   9.8177938545322441        1.1215647363830690     
   9.8293442002434581        1.1219899988185236     
   9.8408945459546739        1.1224151108894858     
   9.8524448916658880        1.1228400720673226     
   9.8639952373771020        1.1232648818227424     
   9.8755455830883161        1.1236895396257958     
   9.8870959287995301        1.1241140449458702     
   9.8986462745107460        1.1245383972516960     
   9.9101966202219600        1.1249625960113405     
   9.9217469659331741        1.1253866406922108     
   9.9332973116443881        1.1258105307610542     
   9.9448476573556022        1.1262342656839548     
   9.9563980030668180        1.1266578449263351     
   9.9679483487780320        1.1270812679529558     
   9.9794986944892461        1.1275045342279142     
   9.9910490402004601        1.1279276432146454     
   10.002599385911674        1.1283505943759231     
   10.014149731622890        1.1287733871738523     
   10.025700077334104        1.1291960210698795     
   10.037250423045318        1.1296184955247848     
   10.048800768756532        1.1300408099986841     
   10.060351114467746        1.1304629639510277     
   10.071901460178962        1.1308849568406030     
   10.083451805890176        1.1313067881255290     
   10.095002151601390        1.1317284572632618     
   10.106552497312604        1.1321499637105892     
   10.118102843023818        1.1325713069236336     
   10.129653188735034        1.1329924863578513     
   10.141203534446248        1.1334135014680309     
   10.152753880157462        1.1338343517082934     
   10.164304225868676        1.1342550365320929     
   10.175854571579890        1.1346755553922165     
   10.187404917291106        1.1350959077407803     
   10.198955263002320        1.1355160930292350     
   10.210505608713534        1.1359361107083603     
   10.222055954424748        1.1363559602282667     
   10.233606300135962        1.1367756410383980     
   10.245156645847178        1.1371951525875261     
   10.256706991558392        1.1376144943237523     
   10.268257337269606        1.1380336656945094     
   10.279807682980820        1.1384526661465586     
   10.291358028692034        1.1388714951259904     
   10.302908374403250        1.1392901520782248     
   10.314458720114464        1.1397086364480087     
   10.326009065825678        1.1401269476794185     
   10.337559411536892        1.1405450852158598     
   10.349109757248106        1.1409630485000612     
   10.360660102959322        1.1413808369740850     
   10.372210448670536        1.1417984500793161     
   10.383760794381750        1.1422158872564674     
   10.395311140092964        1.1426331479455794     
   10.406861485804178        1.1430502315860172     
   10.418411831515394        1.1434671376164729     
   10.429962177226608        1.1438838654749646     
   10.441512522937822        1.1443004145988334     
   10.453062868649036        1.1447167844247492     
   10.464613214360250        1.1451329743887049     
   10.476163560071466        1.1455489839260167     
   10.487713905782680        1.1459648124713289     
   10.499264251493894        1.1463804594586051     
   10.510814597205108        1.1467959243211359     
   10.522364942916322        1.1472112064915343     
   10.533915288627538        1.1476263054017375     
   10.545465634338752        1.1480412204830039     
   10.557015980049966        1.1484559511659163     
   10.568566325761180        1.1488704968803796     
   10.580116671472394        1.1492848570556202     
   10.591667017183610        1.1496990311201865     
   10.603217362894824        1.1501130185019497     
   10.614767708606038        1.1505268186281019     
   10.626318054317252        1.1509404309251554     
   10.637868400028466        1.1513538548189435     
   10.649418745739682        1.1517670897346226     
   10.660969091450896        1.1521801350966658     
   10.672519437162110        1.1525929903288687     
   10.684069782873324        1.1530056548543479     
   10.695620128584538        1.1534181280955360     
   10.707170474295754        1.1538304094741882     
   10.718720820006968        1.1542424984113777     
   10.730271165718182        1.1546543943274965     
   10.741821511429396        1.1550660966422548     
   10.753371857140611        1.1554776047746820     
   10.764922202851826        1.1558889181431280     
   10.776472548563040        1.1563000361652549     
   10.788022894274254        1.1567109582580475     
   10.799573239985468        1.1571216838378056     
   10.811123585696683        1.1575322123201484     
   10.822673931407898        1.1579425431200099     
   10.834224277119112        1.1583526756516429     
   10.845774622830326        1.1587626093286141     
   10.857324968541540        1.1591723435638090     
   10.868875314252755        1.1595818777694278     
   10.880425659963970        1.1599912113569881     
   10.891976005675184        1.1604003437373211     
   10.903526351386398        1.1608092743205747     
   10.915076697097613        1.1612180025162127     
   10.926627042808827        1.1616265277330122     
   10.938177388520042        1.1620348493790669     
   10.949727734231256        1.1624429668617833     
   10.961278079942470        1.1628508795878825     
   10.972828425653685        1.1632585869634016     
   10.984378771364899        1.1636660883936905     
   10.995929117076114        1.1640733832834103     
   11.007479462787328        1.1644804710365411     
   11.019029808498543        1.1648873510563713     
   11.030580154209757        1.1652940227455053     
   11.042130499920971        1.1657004855058588     
   11.053680845632186        1.1661067387386610     
   11.065231191343400        1.1665127818444536     
   11.076781537054615        1.1669186142230903     
   11.088331882765829        1.1673242352737374     
   11.099882228477043        1.1677296443948724     
   11.111432574188258        1.1681348409842851     
   11.122982919899473        1.1685398244390766     
   11.134533265610687        1.1689445941556609     
   11.146083611321901        1.1693491495297590     
   11.157633957033115        1.1697534899564073     
   11.169184302744330        1.1701576148299513     
   11.180734648455545        1.1705615235440461     
   11.192284994166759        1.1709652154916597     
   11.203835339877973        1.1713686900650673     
   11.215385685589187        1.1717719466558567     
   11.226936031300403        1.1721749846549243     
   11.238486377011617        1.1725778034524768     
   11.250036722722831        1.1729804024380306     
   11.261587068434045        1.1733827810004096     
   11.273137414145259        1.1737849385277501     
   11.284687759856475        1.1741868744074944     
   11.296238105567689        1.1745885880263967     
   11.307788451278903        1.1749900787705165     
   11.319338796990117        1.1753913460252248     
   11.330889142701331        1.1757923891751987     
   11.342439488412547        1.1761932076044266     
   11.353989834123761        1.1765938006962022     
   11.365540179834975        1.1769941678331270     
   11.377090525546189        1.1773943083971128     
   11.388640871257403        1.1777942217693762     
   11.400191216968619        1.1781939073304433     
   11.411741562679833        1.1785933644601478     
   11.423291908391047        1.1789925925376286     
   11.434842254102261        1.1793915909413315     
   11.446392599813475        1.1797903590490135     
   11.457942945524691        1.1801888962377334     
   11.469493291235905        1.1805872018838592     
   11.481043636947119        1.1809852753630641     
   11.492593982658333        1.1813831160503285     
   11.504144328369547        1.1817807233199396     
   11.515694674080763        1.1821780965454898     
   11.527245019791977        1.1825752350998777     
   11.538795365503191        1.1829721383553076     
   11.550345711214405        1.1833688056832903     
