   0.0000000000000000        1.8032097425784350     
  1.05932672830095376E-002   1.8029876393145547     
  2.11865345660190753E-002   1.8027652459789916     
  3.17798018490286147E-002   1.8025425624542397     
  4.23730691320381506E-002   1.8023195886227878     
  5.29663364150476865E-002   1.8020963243671495     
  6.35596036980572293E-002   1.8018727695698276     
  7.41528709810667652E-002   1.8016489241133613     
  8.47461382640763011E-002   1.8014247878802736     
  9.53394055470858370E-002   1.8012003607531126     
  0.10593267283009537        1.8009756426144270     
  0.11652594011310491        1.8007506333467804     
  0.12711920739611446        1.8005253328327551     
  0.13771247467912398        1.8002997409549182     
  0.14830574196213353        1.8000738575958699     
  0.15889900924514305        1.7998476826382142     
  0.16949227652815260        1.7996212159645586     
  0.18008554381116215        1.7993944574575282     
  0.19067881109417167        1.7991674069997596     
  0.20127207837718122        1.7989400644738929     
  0.21186534566019075        1.7987124297625825     
  0.22245861294320030        1.7984845027485024     
  0.23305188022620982        1.7982562833143194     
  0.24364514750921937        1.7980277713427233     
  0.25423841479222892        1.7977989667164185     
  0.26483168207523844        1.7975698693181044     
  0.27542494935824796        1.7973404790305167     
  0.28601821664125754        1.7971107957363752     
  0.29661148392426706        1.7968808193184327     
  0.30720475120727658        1.7966505496594416     
  0.31779801849028610        1.7964199866421684     
  0.32839128577329568        1.7961891301493991     
  0.33898455305630520        1.7959579800639167     
  0.34957782033931473        1.7957265362685308     
  0.36017108762232430        1.7954947986460554     
  0.37076435490533383        1.7952627670793229     
  0.38135762218834335        1.7950304414511724     
  0.39195088947135287        1.7947978216444549     
  0.40254415675436245        1.7945649075420429     
  0.41313742403737197        1.7943316990268057     
  0.42373069132038149        1.7940981959816455     
  0.43432395860339107        1.7938643982894611     
  0.44491722588640059        1.7936303058331742     
  0.45551049316941011        1.7933959184957191     
  0.46610376045241964        1.7931612361600355     
  0.47669702773542921        1.7929262587090853     
  0.48729029501843873        1.7926909860258380     
  0.49788356230144826        1.7924554179932786     
  0.50847682958445783        1.7922195544944137     
  0.51907009686746730        1.7919833954122519     
  0.52966336415047688        1.7917469406298243     
  0.54025663143348646        1.7915101900301713     
  0.55084989871649592        1.7912731434963471     
  0.56144316599950550        1.7910358009114320     
  0.57203643328251508        1.7907981621585058     
  0.58262970056552454        1.7905602271206658     
  0.59322296784853412        1.7903219956810352     
  0.60381623513154370        1.7900834677227351     
  0.61440950241455317        1.7898446431289174     
  0.62500276969756274        1.7896055217827429     
  0.63559603698057221        1.7893661035673851     
  0.64618930426358179        1.7891263883660427     
  0.65678257154659136        1.7888863760619125     
  0.66737583882960083        1.7886460665382196     
  0.67796910611261041        1.7884054596782082     
  0.68856237339561999        1.7881645553651315     
  0.69915564067862945        1.7879233534822598     
  0.70974890796163903        1.7876818539128780     
  0.72034217524464861        1.7874400565402908     
  0.73093544252765807        1.7871979612478188     
  0.74152870981066765        1.7869555679187976     
  0.75212197709367712        1.7867128764365865     
  0.76271524437668670        1.7864698866845434     
  0.77330851165969627        1.7862265985460632     
  0.78390177894270574        1.7859830119045508     
  0.79449504622571532        1.7857391266434310     
  0.80508831350872490        1.7854949426461317     
  0.81568158079173436        1.7852504597961183     
  0.82627484807474394        1.7850056779768619     
  0.83686811535775352        1.7847605970718570     
  0.84746138264076298        1.7845152169646097     
  0.85805464992377256        1.7842695375386526     
  0.86864791720678214        1.7840235586775284     
  0.87924118448979161        1.7837772802648013     
  0.88983445177280118        1.7835307021840567     
  0.90042771905581065        1.7832838243188933     
  0.91102098633882023        1.7830366465529339     
  0.92161425362182980        1.7827891687698127     
  0.93220752090483927        1.7825413908531944     
  0.94280078818784885        1.7822933126867546     
  0.95339405547085843        1.7820449341541857     
  0.96398732275386789        1.7817962551392077     
  0.97458059003687747        1.7815472755255577     
  0.98517385731988705        1.7812979951969834     
  0.99576712460289651        1.7810484140372638     
   1.0063603918859061        1.7807985319301951     
   1.0169536591689157        1.7805483487595917     
   1.0275469264519252        1.7802978644092862     
   1.0381401937349346        1.7800470787631386     
   1.0487334610179442        1.7797959917050212     
   1.0593267283009538        1.7795446031188338     
   1.0699199955839633        1.7792929128884929     
   1.0805132628669729        1.7790409208979363     
   1.0911065301499823        1.7787886270311217     
   1.1016997974329918        1.7785360311720344     
   1.1122930647160014        1.7782831332046756     
   1.1228863319990110        1.7780299330130669     
   1.1334795992820206        1.7777764304812527     
   1.1440728665650302        1.7775226254933019     
   1.1546661338480395        1.7772685179333068     
   1.1652594011310491        1.7770141076853758     
   1.1758526684140587        1.7767593946336391     
   1.1864459356970682        1.7765043786622599     
   1.1970392029800778        1.7762490596554115     
   1.2076324702630874        1.7759934374972954     
   1.2182257375460968        1.7757375120721386     
   1.2288190048291063        1.7754812832641824     
   1.2394122721121159        1.7752247509577033     
   1.2500055393951255        1.7749679150369921     
   1.2605988066781351        1.7747107753863651     
   1.2711920739611444        1.7744533318901607     
   1.2817853412441540        1.7741955844327457     
   1.2923786085271636        1.7739375328985083     
   1.3029718758101732        1.7736791771718603     
   1.3135651430931827        1.7734205171372375     
   1.3241584103761923        1.7731615526790960     
   1.3347516776592017        1.7729022836819319     
   1.3453449449422112        1.7726427100302458     
   1.3559382122252208        1.7723828316085721     
   1.3665314795082304        1.7721226483014745     
   1.3771247467912400        1.7718621599935334     
   1.3877180140742493        1.7716013665693655     
   1.3983112813572589        1.7713402679136048     
   1.4089045486402685        1.7710788639109014     
   1.4194978159232781        1.7708171544459506     
   1.4300910832062876        1.7705551394034682     
   1.4406843504892972        1.7702928186681890     
   1.4512776177723066        1.7700301921248709     
   1.4618708850553161        1.7697672596583194     
   1.4724641523383257        1.7695040211533375     
   1.4830574196213353        1.7692404764947811     
   1.4936506869043449        1.7689766255675192     
   1.5042439541873542        1.7687124682564419     
   1.5148372214703638        1.7684480044464828     
   1.5254304887533734        1.7681832340225929     
   1.5360237560363830        1.7679181568697511     
   1.5466170233193925        1.7676527728729650     
   1.5572102906024021        1.7673870819172732     
   1.5678035578854115        1.7671210838877400     
   1.5783968251684211        1.7668547786694524     
   1.5889900924514306        1.7665881661475358     
   1.5995833597344402        1.7663212462071320     
   1.6101766270174498        1.7660540187334306     
   1.6207698943004594        1.7657864836116248     
   1.6313631615834687        1.7655186407269583     
   1.6419564288664783        1.7652504899646890     
   1.6525496961494879        1.7649820312101159     
   1.6631429634324975        1.7647132643485646     
   1.6737362307155070        1.7644441892653830     
   1.6843294979985164        1.7641748058459519     
   1.6949227652815260        1.7639051139756872     
   1.7055160325645355        1.7636351135400345     
   1.7161092998475451        1.7633648044244636     
   1.7267025671305547        1.7630941865144800     
   1.7372958344135643        1.7628232596956199     
   1.7478891016965736        1.7625520238534398     
   1.7584823689795832        1.7622804788735453     
   1.7690756362625928        1.7620086246415616     
   1.7796689035456024        1.7617364610431447     
   1.7902621708286119        1.7614639879639926     
   1.8008554381116213        1.7611912052898226     
   1.8114487053946309        1.7609181129063882     
   1.8220419726776405        1.7606447106994751     
   1.8326352399606500        1.7603709985549096     
   1.8432285072436596        1.7600969763585337     
   1.8538217745266692        1.7598226439962326     
   1.8644150418096785        1.7595480013539315     
   1.8750083090926881        1.7592730483175709     
   1.8856015763756977        1.7589977847731297     
   1.8961948436587073        1.7587222106066378     
   1.9067881109417169        1.7584463257041345     
   1.9173813782247262        1.7581701299517039     
   1.9279746455077358        1.7578936232354705     
   1.9385679127907454        1.7576168054415777     
   1.9491611800737549        1.7573396764562144     
   1.9597544473567645        1.7570622361656034     
   1.9703477146397741        1.7567844844559906     
   1.9809409819227835        1.7565064212136752     
   1.9915342492057930        1.7562280463249753     
   2.0021275164888026        1.7559493596762541     
   2.0127207837718122        1.7556703611539091     
   2.0233140510548218        1.7553910506443628     
   2.0339073183378313        1.7551114280340891     
   2.0445005856208409        1.7548314932095876     
   2.0550938529038505        1.7545512460573989     
   2.0656871201868596        1.7542706864640920     
   2.0762803874698692        1.7539898143162824     
   2.0868736547528788        1.7537086295006197     
   2.0974669220358884        1.7534271319037900     
   2.1080601893188979        1.7531453214125068     
   2.1186534566019075        1.7528631979135376     
   2.1292467238849171        1.7525807612936792     
   2.1398399911679267        1.7522980114397619     
   2.1504332584509362        1.7520149482386611     
   2.1610265257339458        1.7517315715772848     
   2.1716197930169554        1.7514478813425836     
   2.1822130602999645        1.7511638774215452     
   2.1928063275829741        1.7508795597011917     
   2.2033995948659837        1.7505949280685944     
   2.2139928621489933        1.7503099824108503     
   2.2245861294320028        1.7500247226151051     
   2.2351793967150124        1.7497391485685454     
   2.2457726639980220        1.7494532601583845     
   2.2563659312810316        1.7491670572718914     
   2.2669591985640412        1.7488805397963640     
   2.2775524658470507        1.7485937076191489     
   2.2881457331300603        1.7483065606276245     
   2.2987390004130699        1.7480190987092148     
   2.3093322676960790        1.7477313217513857     
   2.3199255349790886        1.7474432296416413     
   2.3305188022620982        1.7471548222675302     
   2.3411120695451078        1.7468660995166359     
   2.3517053368281173        1.7465770612765898     
   2.3622986041111269        1.7462877074350702     
   2.3728918713941365        1.7459980378797801     
   2.3834851386771461        1.7457080524984836     
   2.3940784059601556        1.7454177511789757     
   2.4046716732431652        1.7451271338090961     
   2.4152649405261748        1.7448362002767350     
   2.4258582078091839        1.7445449504698127     
   2.4364514750921935        1.7442533842763033     
   2.4470447423752031        1.7439615015842207     
   2.4576380096582127        1.7436693022816212     
   2.4682312769412222        1.7433767862566107     
   2.4788245442242318        1.7430839533973321     
   2.4894178115072414        1.7427908035919766     
   2.5000110787902510        1.7424973367287806     
   2.5106043460732606        1.7422035526960222     
   2.5211976133562701        1.7419094513820277     
   2.5317908806392797        1.7416150326751658     
   2.5423841479222888        1.7413202964638577     
   2.5529774152052984        1.7410252426365600     
   2.5635706824883080        1.7407298710817816     
   2.5741639497713176        1.7404341816880800     
   2.5847572170543271        1.7401381743440463     
   2.5953504843373367        1.7398418489383387     
   2.6059437516203463        1.7395452053596427     
   2.6165370189033559        1.7392482434966952     
   2.6271302861863655        1.7389509632382982     
   2.6377235534693750        1.7386533644732762     
   2.6483168207523846        1.7383554470905140     
   2.6589100880353937        1.7380572109789452     
   2.6695033553184033        1.7377586560275475     
   2.6800966226014129        1.7374597821253441     
   2.6906898898844225        1.7371605891614217     
   2.7012831571674321        1.7368610770248969     
   2.7118764244504416        1.7365612456049431     
   2.7224696917334512        1.7362610947907871     
   2.7330629590164608        1.7359606244717039     
   2.7436562262994704        1.7356598345370091     
   2.7542494935824799        1.7353587248760853     
   2.7648427608654895        1.7350572953783474     
   2.7754360281484987        1.7347555459332733     
   2.7860292954315082        1.7344534764303798     
   2.7966225627145178        1.7341510867592540     
   2.8072158299975274        1.7338483768095097     
   2.8178090972805370        1.7335453464708319     
   2.8284023645635465        1.7332419956329457     
   2.8389956318465561        1.7329383241856362     
   2.8495888991295657        1.7326343320187334     
   2.8601821664125753        1.7323300190221234     
   2.8707754336955849        1.7320253850857439     
   2.8813687009785944        1.7317204300995876     
   2.8919619682616036        1.7314151539536975     
   2.9025552355446131        1.7311095565381691     
   2.9131485028276227        1.7308036377431562     
   2.9237417701106323        1.7304973974588602     
   2.9343350373936419        1.7301908355755400     
   2.9449283046766515        1.7298839519835090     
   2.9555215719596610        1.7295767465731353     
   2.9661148392426706        1.7292692192348373     
   2.9767081065256802        1.7289613698591000     
   2.9873013738086898        1.7286531983364490     
   2.9978946410916993        1.7283447045574727     
   3.0084879083747085        1.7280358884128133     
   3.0190811756577181        1.7277267497931739     
   3.0296744429407276        1.7274172885893089     
   3.0402677102237372        1.7271075046920303     
   3.0508609775067468        1.7267973979922060     
   3.0614542447897564        1.7264869683807644     
   3.0720475120727659        1.7261762157486882     
   3.0826407793557755        1.7258651399870126     
   3.0932340466387851        1.7255537409868444     
   3.1038273139217947        1.7252420186393329     
   3.1144205812048043        1.7249299728356975     
   3.1250138484878134        1.7246176034672098     
   3.1356071157708230        1.7243049104251984     
   3.1462003830538325        1.7239918936010603     
   3.1567936503368421        1.7236785528862391     
   3.1673869176198517        1.7233648881722519     
   3.1779801849028613        1.7230508993506619     
   3.1885734521858708        1.7227365863131003     
   3.1991667194688804        1.7224219489512587     
   3.2097599867518900        1.7221069871568853     
   3.2203532540348996        1.7217917008217938     
   3.2309465213179092        1.7214760898378549     
   3.2415397886009187        1.7211601540970012     
   3.2521330558839279        1.7208438934912322     
   3.2627263231669374        1.7205273079126007     
   3.2733195904499470        1.7202103972532310     
   3.2839128577329566        1.7198931614052990     
   3.2945061250159662        1.7195756002610525     
   3.3050993922989758        1.7192577137127989     
   3.3156926595819853        1.7189395016529112     
   3.3262859268649949        1.7186209639738126     
   3.3368791941480045        1.7183021005680177     
   3.3474724614310141        1.7179829113280802     
   3.3580657287140236        1.7176633961466319     
   3.3686589959970328        1.7173435549163494     
   3.3792522632800424        1.7170233875300014     
   3.3898455305630519        1.7167028938804043     
   3.4004387978460615        1.7163820738604474     
   3.4110320651290711        1.7160609273630867     
   3.4216253324120807        1.7157394542813273     
   3.4322185996950902        1.7154176545082593     
   3.4428118669780998        1.7150955279370379     
   3.4534051342611094        1.7147730744608787     
   3.4639984015441190        1.7144502939730604     
   3.4745916688271286        1.7141271863669452     
   3.4851849361101377        1.7138037515359439     
   3.4957782033931473        1.7134799893735517     
   3.5063714706761568        1.7131558997733165     
   3.5169647379591664        1.7128314826288704     
   3.5275580052421760        1.7125067378338974     
   3.5381512725251856        1.7121816652821700     
   3.5487445398081952        1.7118562648675135     
   3.5593378070912047        1.7115305364838294     
   3.5699310743742143        1.7112044800250865     
   3.5805243416572239        1.7108780953853322     
   3.5911176089402335        1.7105513824586689     
   3.6017108762232426        1.7102243411392934     
   3.6123041435062522        1.7098969713214434     
   3.6228974107892618        1.7095692728994512     
   3.6334906780722713        1.7092412457677195     
   3.6440839453552809        1.7089128898207062     
   3.6546772126382905        1.7085842049529587     
   3.6652704799213001        1.7082551910590864     
   3.6758637472043096        1.7079258480337798     
   3.6864570144873192        1.7075961757717963     
   3.6970502817703288        1.7072661741679647     
   3.7076435490533384        1.7069358431171964     
   3.7182368163363475        1.7066051825144708     
   3.7288300836193571        1.7062741922548459     
   3.7394233509023667        1.7059428722334424     
   3.7500166181853762        1.7056112223454780     
   3.7606098854683858        1.7052792424862189     
   3.7712031527513954        1.7049469325510256     
   3.7817964200344050        1.7046142924353325     
   3.7923896873174145        1.7042813220346364     
   3.8029829546004241        1.7039480212445359     
   3.8135762218834337        1.7036143899606833     
   3.8241694891664433        1.7032804280788210     
   3.8347627564494524        1.7029461354947546     
   3.8453560237324620        1.7026115121043841     
   3.8559492910154716        1.7022765578036747     
   3.8665425582984811        1.7019412724886824     
   3.8771358255814907        1.7016056560555290     
   3.8877290928645003        1.7012697084004254     
   3.8983223601475099        1.7009334294196503     
   3.9089156274305195        1.7005968190095779     
   3.9195088947135290        1.7002598770666444     
   3.9301021619965386        1.6999226034873798     
   3.9406954292795482        1.6995849981683953     
   3.9512886965625573        1.6992470610063672     
   3.9618819638455669        1.6989087918980701     
   3.9724752311285765        1.6985701907403510     
   3.9830684984115861        1.6982312574301424     
   3.9936617656945956        1.6978919918644542     
   4.0042550329776052        1.6975523939403894     
   4.0148483002606143        1.6972124635551131     
   4.0254415675436244        1.6968722006059005     
   4.0360348348266335        1.6965316049900914     
   4.0466281021096435        1.6961906766051151     
   4.0572213693926527        1.6958494153484780     
   4.0678146366756627        1.6955078211177848     
   4.0784079039586718        1.6951658938107137     
   4.0890011712416818        1.6948236333250357     
   4.0995944385246910        1.6944810395586001     
   4.1101877058077010        1.6941381124093415     
   4.1207809730907101        1.6937948517752879     
   4.1313742403737193        1.6934512575545517     
   4.1419675076567293        1.6931073296453227     
   4.1525607749397384        1.6927630679458887     
   4.1631540422227484        1.6924184723546221     
   4.1737473095057576        1.6920735427699831     
   4.1843405767887676        1.6917282790905188     
   4.1949338440717767        1.6913826812148602     
   4.2055271113547867        1.6910367490417373     
   4.2161203786377959        1.6906904824699562     
   4.2267136459208059        1.6903438813984275     
   4.2373069132038150        1.6899969457261392     
   4.2479001804868242        1.6896496753521737     
   4.2584934477698342        1.6893020701757091     
   4.2690867150528433        1.6889541300960027     
   4.2796799823358533        1.6886058550124117     
   4.2902732496188625        1.6882572448243831     
   4.3008665169018725        1.6879082994314594     
   4.3114597841848816        1.6875590187332623     
   4.3220530514678916        1.6872094026295212     
   4.3326463187509008        1.6868594510200485     
   4.3432395860339108        1.6865091638047556     
   4.3538328533169199        1.6861585408836470     
   4.3644261205999291        1.6858075821568146     
   4.3750193878829391        1.6854562875244443     
   4.3856126551659482        1.6851046568868358     
   4.3962059224489582        1.6847526901443604     
   4.4067991897319674        1.6844003871974889     
   4.4173924570149774        1.6840477479468114     
   4.4279857242979865        1.6836947722929745     
   4.4385789915809966        1.6833414601367598     
   4.4491722588640057        1.6829878113790044     
   4.4597655261470157        1.6826338259206957     
   4.4703587934300248        1.6822795036628708     
   4.4809520607130340        1.6819248445066828     
   4.4915453279960440        1.6815698483533903     
   4.5021385952790531        1.6812145151043447     
   4.5127318625620632        1.6808588446609865     
   4.5233251298450723        1.6805028369248680     
   4.5339183971280823        1.6801464917976430     
   4.5445116644110914        1.6797898091810528     
   4.5551049316941015        1.6794327889769496     
   4.5656981989771106        1.6790754310872811     
   4.5762914662601206        1.6787177354140965     
   4.5868847335431298        1.6783597018595524     
   4.5974780008261398        1.6780013303259009     
   4.6080712681091489        1.6776426207155015     
   4.6186645353921580        1.6772835729308104     
   4.6292578026751681        1.6769241868743889     
   4.6398510699581772        1.6765644624489027     
   4.6504443372411872        1.6762043995571243     
   4.6610376045241964        1.6758439981019271     
   4.6716308718072064        1.6754832579862891     
   4.6822241390902155        1.6751221791132944     
   4.6928174063732255        1.6747607613861306     
   4.7034106736562347        1.6743990047080939     
   4.7140039409392447        1.6740369089825855     
   4.7245972082222538        1.6736744741131073     
   4.7351904755052630        1.6733117000032767     
   4.7457837427882730        1.6729485865568201     
   4.7563770100712821        1.6725851336775541     
   4.7669702773542921        1.6722213412694322     
   4.7775635446373013        1.6718572092364887     
   4.7881568119203113        1.6714927374828803     
   4.7987500792033204        1.6711279259128704     
   4.8093433464863304        1.6707627744308400     
   4.8199366137693396        1.6703972829412599     
   4.8305298810523496        1.6700314513487284     
   4.8411231483353587        1.6696652795579567     
   4.8517164156183679        1.6692987674737547     
   4.8623096829013779        1.6689319150010518     
   4.8729029501843870        1.6685647220448880     
   4.8834962174673970        1.6681971885104132     
   4.8940894847504062        1.6678293143028946     
   4.9046827520334162        1.6674610993277139     
   4.9152760193164253        1.6670925434903536     
   4.9258692865994353        1.6667236466964239     
   4.9364625538824445        1.6663544088516467     
   4.9470558211654545        1.6659848298618558     
   4.9576490884484636        1.6656149096330055     
   4.9682423557314728        1.6652446480711551     
   4.9788356230144828        1.6648740450824924     
   4.9894288902974919        1.6645031005733222     
   5.0000221575805019        1.6641318144500457     
   5.0106154248635111        1.6637601866192016     
   5.0212086921465211        1.6633882169874394     
   5.0318019594295302        1.6630159054615425     
   5.0423952267125403        1.6626432519483745     
   5.0529884939955494        1.6622702563549623     
   5.0635817612785594        1.6618969185884180     
   5.0741750285615685        1.6615232385560015     
   5.0847682958445777        1.6611492161650689     
   5.0953615631275877        1.6607748513231069     
   5.1059548304105968        1.6604001439377347     
   5.1165480976936069        1.6600250939166672     
   5.1271413649766160        1.6596497011677669     
   5.1377346322596260        1.6592739655989983     
   5.1483278995426351        1.6588978871184668     
   5.1589211668256452        1.6585214656343892     
   5.1695144341086543        1.6581447010551076     
   5.1801077013916643        1.6577675932890974     
   5.1907009686746735        1.6573901422449393     
   5.2012942359576826        1.6570123478313648     
   5.2118875032406926        1.6566342099572009     
   5.2224807705237017        1.6562557285314290     
   5.2330740378067118        1.6558769034631429     
   5.2436673050897209        1.6554977346615578     
   5.2542605723727309        1.6551182220360292     
   5.2648538396557401        1.6547383654960308     
   5.2754471069387501        1.6543581649511712     
   5.2860403742217592        1.6539776203111816     
   5.2966336415047692        1.6535967314859221     
   5.3072269087877784        1.6532154983853777     
   5.3178201760707875        1.6528339209196898     
   5.3284134433537975        1.6524519989990900     
   5.3390067106368067        1.6520697325339775     
   5.3495999779198167        1.6516871214348505     
   5.3601932452028258        1.6513041656123719     
   5.3707865124858358        1.6509208649773013     
   5.3813797797688450        1.6505372194405565     
   5.3919730470518550        1.6501532289131866     
   5.4025663143348641        1.6497688933063577     
   5.4131595816178741        1.6493842125313831     
   5.4237528489008833        1.6489991864997231     
   5.4343461161838924        1.6486138151229257     
   5.4449393834669024        1.6482280983127364     
   5.4555326507499116        1.6478420359809911     
   5.4661259180329216        1.6474556280396808     
   5.4767191853159307        1.6470688744009263     
   5.4873124525989407        1.6466817749769904     
   5.4979057198819499        1.6462943296802695     
   5.5084989871649599        1.6459065384233116     
   5.5190922544479690        1.6455184011187745     
   5.5296855217309790        1.6451299176794785     
   5.5402787890139882        1.6447410880183846     
   5.5508720562969973        1.6443519120485814     
   5.5614653235800073        1.6439623896833020     
   5.5720585908630165        1.6435725208359140     
   5.5826518581460265        1.6431823054199528     
   5.5932451254290356        1.6427917433490586     
   5.6038383927120456        1.6424008345370420     
   5.6144316599950548        1.6420095788978453     
   5.6250249272780648        1.6416179763455483     
   5.6356181945610739        1.6412260267943897     
   5.6462114618440840        1.6408337301587415     
   5.6568047291270931        1.6404410863531216     
   5.6673979964101022        1.6400480952921994     
   5.6779912636931122        1.6396547568907842     
   5.6885845309761214        1.6392610710638289     
   5.6991777982591314        1.6388670377264392     
   5.7097710655421405        1.6384726567938672     
   5.7203643328251506        1.6380779281815041     
   5.7309576001081597        1.6376828518049085     
   5.7415508673911697        1.6372874275797629     
   5.7521441346741788        1.6368916554219264     
   5.7627374019571889        1.6364955352473791     
   5.7733306692401980        1.6360990669722772     
   5.7839239365232071        1.6357022505129029     
   5.7945172038062172        1.6353050857857121     
   5.8051104710892263        1.6349075727073001     
   5.8157037383722363        1.6345097111944076     
   5.8262970056552454        1.6341115011639535     
   5.8368902729382555        1.6337129425329864     
   5.8474835402212646        1.6333140352187101     
   5.8580768075042746        1.6329147791384955     
   5.8686700747872838        1.6325151742098611     
   5.8792633420702938        1.6321152203504676     
   5.8898566093533029        1.6317149174781642     
   5.9004498766363120        1.6313142655109309     
   5.9110431439193221        1.6309132643668933     
   5.9216364112023312        1.6305119139643629     
   5.9322296784853412        1.6301102142218031     
   5.9428229457683504        1.6297081650578233     
   5.9534162130513604        1.6293057663911896     
   5.9640094803343695        1.6289030181408610     
   5.9746027476173795        1.6284999202259034     
   5.9851960149003887        1.6280964725655860     
   5.9957892821833987        1.6276926750793139     
   6.0063825494664078        1.6272885276866709     
   6.0169758167494169        1.6268840303073921     
   6.0275690840324270        1.6264791828613807     
   6.0381623513154361        1.6260739852686981     
   6.0487556185984461        1.6256684374495689     
   6.0593488858814553        1.6252625393243989     
   6.0699421531644653        1.6248562908137176     
   6.0805354204474744        1.6244496918382729     
   6.0911286877304844        1.6240427423189363     
   6.1017219550134936        1.6236354421767614     
   6.1123152222965036        1.6232277913329733     
   6.1229084895795127        1.6228197897089580     
   6.1335017568625219        1.6224114372262715     
   6.1440950241455319        1.6220027338066292     
   6.1546882914285410        1.6215936793719314     
   6.1652815587115510        1.6211842738442328     
   6.1758748259945602        1.6207745171457726     
   6.1864680932775702        1.6203644091989482     
   6.1970613605605793        1.6199539499263380     
   6.2076546278435893        1.6195431392506849     
   6.2182478951265985        1.6191319770948931     
   6.2288411624096085        1.6187204633820689     
   6.2394344296926176        1.6183085980354734     
   6.2500276969756268        1.6178963809785329     
   6.2606209642586368        1.6174838121348749     
   6.2712142315416459        1.6170708914282668     
   6.2818074988246559        1.6166576187826913     
   6.2924007661076651        1.6162439941222706     
   6.3029940333906751        1.6158300173713245     
   6.3135873006736842        1.6154156884543496     
   6.3241805679566943        1.6150010072960064     
   6.3347738352397034        1.6145859738211537     
   6.3453671025227134        1.6141705879548112     
   6.3559603698057225        1.6137548496221885     
   6.3665536370887326        1.6133387587486643     
   6.3771469043717417        1.6129223152598220     
   6.3877401716547508        1.6125055190813982     
   6.3983334389377609        1.6120883701393225     
   6.4089267062207700        1.6116708683597185     
   6.4195199735037800        1.6112530136688683     
   6.4301132407867891        1.6108348059932514     
   6.4407065080697992        1.6104162452595447     
   6.4512997753528083        1.6099973313945848     
   6.4618930426358183        1.6095780643254125     
   6.4724863099188275        1.6091584439792375     
   6.4830795772018375        1.6087384702834728     
   6.4936728444848466        1.6083181431657063     
   6.5042661117678557        1.6078974625537161     
   6.5148593790508658        1.6074764283754805     
   6.5254526463338749        1.6070550405591419     
   6.5360459136168849        1.6066332990330690     
   6.5466391808998941        1.6062112037257796     
   6.5572324481829041        1.6057887545659935     
   6.5678257154659132        1.6053659514826539     
   6.5784189827489232        1.6049427944048593     
   6.5890122500319324        1.6045192832619002     
   6.5996055173149424        1.6040954179832907     
   6.6101987845979515        1.6036711984987020     
   6.6207920518809606        1.6032466247380353     
   6.6313853191639707        1.6028216966313511     
   6.6419785864469798        1.6023964141089400     
   6.6525718537299898        1.6019707771012548     
   6.6631651210129990        1.6015447855389653     
   6.6737583882960090        1.6011184393529418     
   6.6843516555790181        1.6006917384742343     
   6.6949449228620281        1.6002646828341247     
   6.7055381901450373        1.5998372723640424     
   6.7161314574280473        1.5994095069956615     
   6.7267247247110564        1.5989813866608362     
   6.7373179919940656        1.5985529112916326     
   6.7479112592770756        1.5981240808202954     
   6.7585045265600847        1.5976948951793088     
   6.7690977938430947        1.5972653543013220     
   6.7796910611261039        1.5968354581192041     
   6.7902843284091139        1.5964052065660386     
   6.8008775956921230        1.5959745995750967     
   6.8114708629751330        1.5955436370798721     
   6.8220641302581422        1.5951123190140322     
   6.8326573975411522        1.5946806453114928     
   6.8432506648241613        1.5942486159063451     
   6.8538439321071705        1.5938162307329096     
   6.8644371993901805        1.5933834897256960     
   6.8750304666731896        1.5929503928194386     
   6.8856237339561996        1.5925169399490775     
   6.8962170012392088        1.5920831310497510     
   6.9068102685222188        1.5916489660568232     
   6.9174035358052279        1.5912144449058667     
   6.9279968030882380        1.5907795675326704     
   6.9385900703712471        1.5903443338732222     
   6.9491833376542571        1.5899087438637369     
   6.9597766049372662        1.5894727974406346     
   6.9703698722202754        1.5890364945405486     
   6.9809631395032854        1.5885998351003514     
   6.9915564067862945        1.5881628190571149     
   7.0021496740693046        1.5877254463481052     
   7.0127429413523137        1.5872877169108419     
   7.0233362086353237        1.5868496306830466     
   7.0339294759183328        1.5864111876026645     
   7.0445227432013429        1.5859723876078553     
   7.0551160104843520        1.5855332306370040     
   7.0657092777673620        1.5850937166287076     
   7.0763025450503712        1.5846538455217929     
   7.0868958123333803        1.5842136172553221     
   7.0974890796163903        1.5837730317685406     
   7.1080823468993994        1.5833320890009610     
   7.1186756141824095        1.5828907888922832     
   7.1292688814654186        1.5824491313824802     
   7.1398621487484286        1.5820071164116873     
   7.1504554160314377        1.5815647439203206     
   7.1610486833144478        1.5811220138489881     
   7.1716419505974569        1.5806789261385514     
   7.1822352178804669        1.5802354807300754     
   7.1928284851634761        1.5797916775648759     
   7.2034217524464852        1.5793475165844797     
   7.2140150197294952        1.5789029977306723     
   7.2246082870125043        1.5784581209454318     
   7.2352015542955144        1.5780128861709994     
   7.2457948215785235        1.5775672933498341     
   7.2563880888615335        1.5771213424246358     
   7.2669813561445427        1.5766750333383082     
   7.2775746234275527        1.5762283660340561     
   7.2881678907105618        1.5757813404552390     
   7.2987611579935718        1.5753339565455171     
   7.3093544252765810        1.5748862142487652     
   7.3199476925595901        1.5744381135090670     
   7.3305409598426001        1.5739896542707841     
   7.3411342271256093        1.5735408364785155     
   7.3517274944086193        1.5730916600770630     
   7.3623207616916284        1.5726421250114897     
   7.3729140289746384        1.5721922312271257     
   7.3835072962576476        1.5717419786695090     
   7.3941005635406576        1.5712913672844322     
   7.4046938308236667        1.5708403970179143     
   7.4152870981066767        1.5703890678162453     
   7.4258803653896859        1.5699373796259448     
   7.4364736326726950        1.5694853323937823     
   7.4470668999557050        1.5690329260667684     
   7.4576601672387142        1.5685801605921514     
   7.4682534345217242        1.5681270359174679     
   7.4788467018047333        1.5676735519904432     
   7.4894399690877433        1.5672197087590869     
   7.5000332363707525        1.5667655061716632     
   7.5106265036537625        1.5663109441766714     
   7.5212197709367716        1.5658560227228717     
   7.5318130382197817        1.5654007417592617     
   7.5424063055027908        1.5649451012351061     
   7.5529995727857999        1.5644891010999162     
   7.5635928400688099        1.5640327413034516     
   7.5741861073518191        1.5635760217957493     
   7.5847793746348291        1.5631189425270811     
   7.5953726419178382        1.5626615034479725     
   7.6059659092008483        1.5622037045092134     
   7.6165591764838574        1.5617455456618705     
   7.6271524437668674        1.5612870268572328     
   7.6377457110498765        1.5608281480468740     
   7.6483389783328866        1.5603689091826236     
   7.6589322456158957        1.5599093102165595     
   7.6695255128989048        1.5594493511010468     
   7.6801187801819149        1.5589890317886710     
   7.6907120474649240        1.5585283522323197     
   7.7013053147479340        1.5580673123851454     
   7.7118985820309431        1.5576059122005326     
   7.7224918493139532        1.5571441516321511     
   7.7330851165969623        1.5566820306339411     
   7.7436783838799723        1.5562195491600892     
   7.7542716511629814        1.5557567071650886     
   7.7648649184459915        1.5552935046036629     
   7.7754581857290006        1.5548299414308189     
   7.7860514530120097        1.5543660176018366     
   7.7966447202950198        1.5539017330722658     
   7.8072379875780289        1.5534370877979227     
   7.8178312548610389        1.5529720817348998     
   7.8284245221440480        1.5525067148395677     
   7.8390177894270581        1.5520409870685499     
   7.8496110567100672        1.5515748983787836     
   7.8602043239930772        1.5511084487274363     
   7.8707975912760864        1.5506416380719978     
   7.8813908585590964        1.5501744663701833     
   7.8919841258421055        1.5497069335800366     
   7.9025773931251146        1.5492390396598457     
   7.9131706604081247        1.5487707845681939     
   7.9237639276911338        1.5483021682639599     
   7.9343571949741438        1.5478331907062359     
   7.9449504622571530        1.5473638518544899     
   7.9555437295401630        1.5468941516684194     
   7.9661369968231721        1.5464240901080104     
   7.9767302641061821        1.5459536671335337     
   7.9873235313891913        1.5454828827055416     
   7.9979167986722013        1.5450117367849006     
   8.0085100659552104        1.5445402293327311     
   8.0191033332382204        1.5440683603104668     
   8.0296966005212287        1.5435961296797815     
   8.0402898678042387        1.5431235374026993     
   8.0508831350872487        1.5426505834415127     
   8.0614764023702588        1.5421772677588075     
   8.0720696696532670        1.5417035903174197     
   8.0826629369362770        1.5412295510805503     
   8.0932562042192870        1.5407551500116294     
   8.1038494715022971        1.5402803870744328     
   8.1144427387853053        1.5398052622329850     
   8.1250360060683153        1.5393297754516631     
   8.1356292733513254        1.5388539266950669     
   8.1462225406343336        1.5383777159281571     
   8.1568158079173436        1.5379011431161558     
   8.1674090752003536        1.5374242082246363     
   8.1780023424833637        1.5369469112193885     
   8.1885956097663719        1.5364692520665761     
   8.1991888770493819        1.5359912307326373     
   8.2097821443323920        1.5355128471843018     
   8.2203754116154020        1.5350341013886024     
   8.2309686788984102        1.5345549933129408     
   8.2415619461814202        1.5340755229249325     
   8.2521552134644303        1.5335956901925536     
   8.2627484807474385        1.5331154950840578     
   8.2733417480304485        1.5326349375680501     
   8.2839350153134585        1.5321540176133945     
   8.2945282825964686        1.5316727351892891     
   8.3051215498794768        1.5311910902652595     
   8.3157148171624868        1.5307090828111025     
   8.3263080844454969        1.5302267127969666     
   8.3369013517285069        1.5297439801932704     
   8.3474946190115151        1.5292608849708023     
   8.3580878862945251        1.5287774271006187     
   8.3686811535775352        1.5282936065541224     
   8.3792744208605434        1.5278094233029904     
   8.3898676881435534        1.5273248773192711     
   8.4004609554265635        1.5268399685753269     
   8.4110542227095735        1.5263546970437618     
   8.4216474899925817        1.5258690626976059     
   8.4322407572755917        1.5253830655101523     
   8.4428340245586018        1.5248967054550346     
   8.4534272918416118        1.5244099825061741     
   8.4640205591246200        1.5239228966378662     
   8.4746138264076301        1.5234354478247230     
   8.4852070936906401        1.5229476360416254     
   8.4958003609736483        1.5224594612638660     
   8.5063936282566583        1.5219709234669911     
   8.5169868955396684        1.5214820226269354     
   8.5275801628226784        1.5209927587199266     
   8.5381734301056866        1.5205031317225195     
   8.5487666973886967        1.5200131416116300     
   8.5593599646717067        1.5195227883644722     
   8.5699532319547167        1.5190320719586219     
   8.5805464992377249        1.5185409923719793     
   8.5911397665207350        1.5180495495827557     
   8.6017330338037450        1.5175577435695515     
   8.6123263010867532        1.5170655743112487     
   8.6229195683697633        1.5165730417870988     
   8.6335128356527733        1.5160801459766990     
   8.6441061029357833        1.5155868868599462     
   8.6546993702187915        1.5150932644171282     
   8.6652926375018016        1.5145992786288418     
   8.6758859047848116        1.5141049294760187     
   8.6864791720678216        1.5136102169399615     
   8.6970724393508299        1.5131151410023187     
   8.7076657066338399        1.5126197016450544     
   8.7182589739168499        1.5121238988504990     
   8.7288522411998581        1.5116277326013354     
   8.7394455084828682        1.5111312028805746     
   8.7500387757658782        1.5106343096716095     
   8.7606320430488882        1.5101370529581244     
   8.7712253103318965        1.5096394327242455     
   8.7818185776149065        1.5091414489543513     
   8.7924118448979165        1.5086431016332531     
   8.8030051121809265        1.5081443907460559     
   8.8135983794639348        1.5076453162783019     
   8.8241916467469448        1.5071458782157687     
   8.8347849140299548        1.5066460765446954     
   8.8453781813129631        1.5061459112516453     
   8.8559714485959731        1.5056453823235387     
   8.8665647158789831        1.5051444897476249     
   8.8771579831619931        1.5046432335115798     
   8.8877512504450014        1.5041416136033896     
   8.8983445177280114        1.5036396300114274     
   8.9089377850110214        1.5031372827244158     
   8.9195310522940314        1.5026345717314447     
   8.9301243195770397        1.5021314970219977     
   8.9407175868600497        1.5016280585858814     
   8.9513108541430597        1.5011242564132894     
   8.9619041214260680        1.5006200904948008     
   8.9724973887090780        1.5001155608213297     
   8.9830906559920880        1.4996106673842085     
   8.9936839232750980        1.4991054101751295     
   9.0042771905581063        1.4985997891861034     
   9.0148704578411163        1.4980938044095498     
   9.0254637251241263        1.4975874558383191     
   9.0360569924071363        1.4970807434655662     
   9.0466502596901446        1.4965736672848646     
   9.0572435269731546        1.4960662272901073     
   9.0678367942561646        1.4955584234756192     
   9.0784300615391746        1.4950502558360961     
   9.0890233288221829        1.4945417243666381     
   9.0996165961051929        1.4940328290626745     
   9.1102098633882029        1.4935235699200620     
   9.1208031306712112        1.4930139469350210     
   9.1313963979542212        1.4925039601041310     
   9.1419896652372312        1.4919936094244379     
   9.1525829325202412        1.4914828948933188     
   9.1631761998032495        1.4909718165085226     
   9.1737694670862595        1.4904603742682334     
   9.1843627343692695        1.4899485681709901     
   9.1949560016522796        1.4894363982157774     
   9.2055492689352878        1.4889238644018707     
   9.2161425362182978        1.4884109667290595     
   9.2267358035013078        1.4878977051974438     
   9.2373290707843161        1.4873840798075948     
   9.2479223380673261        1.4868700905603780     
   9.2585156053503361        1.4863557374571470     
   9.2691088726333462        1.4858410204996322     
   9.2797021399163544        1.4853259396899188     
   9.2902954071993644        1.4848104950305396     
   9.3008886744823744        1.4842946865244706     
   9.3114819417653845        1.4837785141749977     
   9.3220752090483927        1.4832619779858514     
   9.3326684763314027        1.4827450779612266     
   9.3432617436144128        1.4822278141056153     
   9.3538550108974210        1.4817101864239735     
   9.3644482781804310        1.4811921949217066     
   9.3750415454634410        1.4806738396045804     
   9.3856348127464511        1.4801551204787828     
   9.3962280800294593        1.4796360375508892     
   9.4068213473124693        1.4791165908279711     
   9.4174146145954793        1.4785967803174085     
   9.4280078818784894        1.4780766060271073     
   9.4386011491614976        1.4775560679652564     
   9.4491944164445076        1.4770351661405909     
   9.4597876837275177        1.4765139005622068     
   9.4703809510105259        1.4759922712396167     
   9.4809742182935359        1.4754702781828022     
   9.4915674855765459        1.4749479214020593     
   9.5021607528595560        1.4744252009082612     
   9.5127540201425642        1.4739021167125856     
   9.5233472874255742        1.4733786688266437     
   9.5339405547085843        1.4728548572626214     
   9.5445338219915943        1.4723306820328947     
   9.5551270892746025        1.4718061431504830     
   9.5657203565576125        1.4712812406286970     
   9.5763136238406226        1.4707559744813852     
   9.5869068911236308        1.4702303447227143     
   9.5975001584066408        1.4697043513673886     
   9.6080934256896509        1.4691779944304633     
   9.6186866929726609        1.4686512739275188     
   9.6292799602556691        1.4681241898745252     
   9.6398732275386791        1.4675967422879468     
   9.6504664948216892        1.4670689311845142     
   9.6610597621046992        1.4665407565816060     
   9.6716530293877074        1.4660122184969515     
   9.6822462966707175        1.4654833169487653     
   9.6928395639537275        1.4649540519556326     
   9.7034328312367357        1.4644244235366293     
   9.7140260985197457        1.4638944317112679     
   9.7246193658027558        1.4633640764995548     
   9.7352126330857658        1.4628333579219557     
   9.7458059003687740        1.4623022759992406     
   9.7563991676517841        1.4617708307528179     
   9.7669924349347941        1.4612390222044349     
   9.7775857022178041        1.4607068503764014     
   9.7881789695008123        1.4601743152912385     
   9.7987722367838224        1.4596414169722629     
   9.8093655040668324        1.4591081554430503     
   9.8199587713498406        1.4585745307276379     
   9.8305520386328507        1.4580405428505203     
   9.8411453059158607        1.4575061918367704     
   9.8517385731988707        1.4569714777118636     
   9.8623318404818789        1.4564364005016486     
   9.8729251077648890        1.4559009602325468     
   9.8835183750478990        1.4553651569314043     
   9.8941116423309090        1.4548289906255754     
   9.9047049096139173        1.4542924613428374     
   9.9152981768969273        1.4537555691114201     
   9.9258914441799373        1.4532183139601340     
   9.9364847114629455        1.4526806959182106     
   9.9470779787459556        1.4521427150152439     
   9.9576712460289656        1.4516043712815063     
   9.9682645133119756        1.4510656647475653     
   9.9788577805949839        1.4505265954445774     
   9.9894510478779939        1.4499871634041408     
   10.000044315161004        1.4494473686583782     
   10.010637582444014        1.4489072112399206     
   10.021230849727022        1.4483666911815816     
   10.031824117010032        1.4478258085170725     
   10.042417384293042        1.4472845632804039     
   10.053010651576050        1.4467429555061546     
   10.063603918859060        1.4462009852293212     
   10.074197186142070        1.4456586524852837     
   10.084790453425081        1.4451159573100840     
   10.095383720708089        1.4445728997402283     
   10.105976987991099        1.4440294798128412     
   10.116570255274109        1.4434856975651020     
   10.127163522557119        1.4429415530351188     
   10.137756789840127        1.4423970462614737     
   10.148350057123137        1.4418521772829873     
   10.158943324406147        1.4413069461392394     
   10.169536591689155        1.4407613528701644     
   10.180129858972165        1.4402153975163274     
   10.190723126255175        1.4396690801186145     
   10.201316393538185        1.4391224007184207     
   10.211909660821194        1.4385753593579877     
   10.222502928104204        1.4380279560797296     
   10.233096195387214        1.4374801909267088     
   10.243689462670224        1.4369320639423493     
   10.254282729953232        1.4363835751709577     
   10.264875997236242        1.4358347246567449     
   10.275469264519252        1.4352855124450778     
   10.286062531802260        1.4347359385815823     
   10.296655799085270        1.4341860031121618     
   10.307249066368280        1.4336357060835199     
   10.317842333651290        1.4330850475431789     
   10.328435600934299        1.4325340275385496     
   10.339028868217309        1.4319826461176510     
   10.349622135500319        1.4314309033295516     
   10.360215402783329        1.4308787992234597     
   10.370808670066337        1.4303263338492167     
   10.381401937349347        1.4297735072569995     
   10.391995204632357        1.4292203194978605     
   10.402588471915365        1.4286667706232663     
   10.413181739198375        1.4281128606849909     
   10.423775006481385        1.4275585897355925     
   10.434368273764395        1.4270039578277474     
   10.444961541047403        1.4264489650156484     
   10.455554808330414        1.4258936113531218     
   10.466148075613424        1.4253378968946886     
   10.476741342896434        1.4247818216955614     
   10.487334610179442        1.4242253858118665     
   10.497927877462452        1.4236685892991421     
   10.508521144745462        1.4231114322148379     
   10.519114412028470        1.4225539146166997     
   10.529707679311480        1.4219960365613891     
   10.540300946594490        1.4214377981088475     
   10.550894213877500        1.4208791993165621     
   10.561487481160508        1.4203202402464357     
   10.572080748443518        1.4197609209556810     
   10.582674015726528        1.4192012415077833     
